156.248915, 159.335376;
154.072368, 156.923582;
163.324034, 165.584037;
165.938431, 173.606170;
152.768023, 157.634854;
154.450675, 144.159146;
162.831437, 151.660734;
153.605546, 159.954196;
162.329861, 163.731145;
155.074264, 164.467478;
154.912225, 163.349175;
170.049921, 154.246045;
165.963476, 168.396895;
157.066504, 153.665089;
152.871080, 157.390795;
157.818463, 157.370493;
167.958360, 159.147385;
171.726811, 163.557548;
167.195217, 158.793998;
157.794976, 150.837694;
160.513508, 158.370864;
151.775967, 141.770848;
156.865038, 153.560266;
162.942409, 152.644910;
165.446650, 167.495113;
145.874780, 144.970368;
161.366126, 166.750126;
158.441900, 163.141911;
158.168282, 161.277788;
157.508330, 158.366321;
153.509828, 142.218644;
154.636207, 153.869648;
149.345318, 142.249681;
166.951661, 157.916470;
162.504944, 151.149676;
164.086434, 159.439595;
154.526934, 154.574288;
169.662584, 165.310941;
166.401603, 164.540514;
168.746439, 165.074415;
152.553110, 156.646794;
165.959026, 168.641335;
161.707128, 165.386992;
164.853206, 165.981950;
170.105203, 154.843519;
155.706060, 158.694079;
166.523347, 162.390058;
158.525789, 160.140779;
162.334920, 158.135748;
171.068334, 161.110328;
166.979941, 168.711516;
156.808224, 149.934703;
149.623781, 156.180968;
149.641196, 156.219616;
161.334824, 137.117915;
162.397198, 152.647275;
150.215308, 156.523927;
157.437340, 158.805521;
154.338243, 144.589301;
160.985147, 165.415224;
158.825733, 158.873326;
148.698523, 141.021752;
157.004171, 162.381366;
158.164376, 157.708647;
156.274691, 158.973847;
154.641041, 165.230855;
151.187546, 156.062685;
152.565028, 146.919016;
160.127019, 166.707440;
163.322457, 166.055525;
165.951456, 168.707849;
150.153867, 150.227504;
168.652385, 165.809626;
167.462865, 154.149400;
164.650265, 157.040196;
170.592741, 154.620365;
162.570102, 161.542562;
162.537260, 161.668979;
159.923181, 161.469951;
150.039951, 150.837541;
155.948759, 144.829670;
159.017279, 160.017615;
163.932921, 164.586258;
152.580839, 157.788420;
155.088046, 152.669706;
156.927131, 159.037158;
157.175132, 160.847904;
160.958607, 162.141209;
165.434689, 168.877382;
165.234745, 168.974091;
154.507596, 127.577359;
164.846898, 157.138657;
149.281582, 149.771930;
169.679375, 163.300305;
166.860139, 166.867712;
165.645202, 168.153513;
158.659446, 157.980410;
160.112749, 163.041306;
154.189516, 144.827771;
162.746478, 162.831241;
150.504771, 153.112654;
154.446930, 142.888394;
154.172078, 143.439824;
157.018025, 150.594566;
156.297529, 158.731763;
169.433908, 161.332768;
149.333265, 155.560795;
169.227446, 161.206046;
169.858662, 155.203372;
157.159548, 146.151153;
169.933084, 152.998332;
166.048945, 169.965343;
162.278008, 155.342310;
155.368435, 158.433720;
160.009738, 157.448170;
149.011216, 156.322086;
157.542389, 145.936041;
158.651460, 164.698048;
151.732869, 157.178908;
163.952197, 164.173238;
160.630337, 163.293643;
153.804672, 152.803739;
166.635298, 170.135256;
165.371247, 165.862281;
161.770029, 159.306873;
160.464582, 159.303283;
170.267588, 155.481060;
157.728101, 155.839922;
154.716054, 164.778530;
156.418225, 157.974637;
157.792034, 147.064749;
156.799821, 160.168182;
149.234195, 151.252731;
157.833876, 157.386019;
148.211131, 141.379227;
158.662708, 163.125501;
154.946921, 163.805226;
162.790062, 160.030581;
155.315225, 154.254604;
162.708128, 151.494967;
156.417286, 160.931025;
165.197007, 161.228290;
166.493503, 165.295184;
159.506445, 158.764447;
164.856353, 152.071976;
165.570321, 172.340531;
155.921406, 151.998494;
154.839116, 164.672949;
158.278952, 157.786195;
165.461466, 155.908278;
155.290428, 152.622204;
166.042659, 164.232471;
167.878133, 158.377278;
150.505715, 140.282547;
156.608290, 164.351892;
154.913063, 144.458852;
160.338057, 156.043455;
161.942727, 159.032739;
158.286380, 163.279983;
148.460557, 154.974858;
161.886510, 161.355744;
164.474475, 156.179958;
162.987142, 162.164379;
163.083461, 137.884058;
164.199604, 164.601945;
155.874749, 159.397677;
161.114756, 136.002611;
159.272242, 161.637833;
157.381108, 152.663014;
167.027566, 161.949648;
163.246043, 150.210981;
166.484592, 165.558209;
160.904100, 166.630343;
157.161068, 156.030631;
156.267722, 147.930020;
149.249001, 151.645039;
156.578679, 158.320747;
165.597676, 168.373706;
169.993625, 166.662246;
154.612235, 152.193520;
151.972543, 141.793676;
152.598403, 157.610474;
170.487325, 154.835385;
156.874251, 155.295970;
154.858422, 157.752250;
152.767999, 159.575056;
166.691786, 174.412123;
150.608967, 156.994446;
157.161202, 146.640068;
164.235465, 159.560956;
169.801787, 153.034388;
164.964266, 157.166375;
169.112369, 168.341868;
153.421101, 153.781413;
153.109838, 156.323260;
166.241234, 164.082471;
154.342422, 158.542198;
156.828547, 148.367256;
163.059541, 164.736664;
147.003158, 139.791487;
164.213250, 159.625731;
167.448296, 163.588740;
157.671696, 145.777728;
172.285388, 163.939090;
155.564233, 153.646214;
155.062822, 161.468304;
154.756358, 154.134284;
159.138391, 159.663168;
165.803857, 168.935109;
163.263325, 164.147912;
155.853620, 146.707164;
149.083681, 151.540182;
157.106524, 161.944097;
172.011117, 162.967277;
155.828067, 173.345466;
158.442038, 159.133478;
158.948004, 160.135208;
168.473878, 160.263277;
165.045818, 168.095718;
170.880851, 162.787894;
164.337136, 159.663807;
154.440505, 164.316940;
163.072502, 160.455909;
159.626318, 158.659466;
156.213298, 154.337406;
165.018298, 167.440039;
157.433450, 157.153893;
156.888269, 145.215478;
162.139560, 137.329765;
154.372724, 144.112283;
166.154466, 149.358082;
157.230672, 155.802824;
167.259057, 168.117728;
158.565711, 156.120231;
164.511710, 166.351858;
165.974400, 172.457917;
156.291543, 148.390288;
170.339794, 154.834108;
145.925491, 142.881151;
158.225858, 158.366138;
158.956963, 163.797563;
155.650771, 144.686011;
157.299512, 150.069067;
153.502314, 156.841214;
148.157372, 141.711481;
162.092996, 163.970992;
157.089913, 146.469444;
160.085962, 158.018845;
146.331019, 146.775593;
149.001826, 150.386848;
167.602610, 154.225147;
157.063591, 159.530828;
154.247428, 144.652313;
163.650535, 160.976220;
156.103262, 147.714086;
157.934400, 162.985474;
151.359442, 128.127902;
165.865198, 150.076169;
156.125623, 158.879857;
157.598281, 142.307157;
170.000278, 159.626355;
155.960675, 157.202494;
158.351343, 163.433835;
152.062664, 156.064976;
166.967672, 164.131852;
158.058127, 162.654347;
157.227727, 150.822890;
154.868336, 153.714691;
157.446614, 145.625908;
150.796149, 157.268945;
166.048496, 173.106202;
156.087332, 148.062462;
158.679500, 160.657260;
168.815347, 165.743836;
156.622580, 156.306788;
156.422301, 155.759713;
156.003589, 155.989748;
164.036685, 159.292222;
163.219434, 166.615509;
170.117016, 162.840845;
160.329702, 158.389300;
159.109035, 160.285634;
170.589403, 160.348729;
152.388994, 157.854004;
163.071613, 160.247172;
156.591144, 169.239864;
155.426957, 169.828895;
157.111299, 150.209694;
154.979137, 156.637929;
153.075115, 159.398297;
151.777106, 156.957346;
166.925722, 169.452879;
157.952502, 157.661654;
169.224758, 153.437474;
165.076824, 169.838792;
170.001328, 162.399289;
159.831684, 162.585610;
165.375733, 168.516036;
156.901641, 148.125720;
164.330848, 161.399495;
155.024534, 143.933565;
165.878367, 168.887564;
156.454361, 158.515770;
161.614548, 162.818036;
156.611818, 148.113760;
164.601505, 162.226971;
164.086190, 159.546310;
157.710154, 156.927393;
170.082294, 153.807129;
158.205759, 151.412520;
152.250394, 156.203274;
149.935820, 139.317750;
170.278221, 166.277723;
170.277073, 165.965715;
162.233055, 161.205155;
165.590653, 171.140901;
150.138200, 150.933568;
153.557586, 158.208294;
155.634197, 156.214489;
149.114184, 155.269276;
155.201194, 164.819437;
148.751710, 146.307102;
157.249664, 145.401056;
150.274099, 156.385368;
151.905197, 154.458192;
162.133207, 144.899501;
151.805460, 157.273260;
170.761984, 161.312759;
166.993465, 172.185701;
157.263730, 156.896242;
162.705561, 155.255125;
164.245817, 159.801642;
151.528170, 156.242204;
150.365293, 151.628277;
154.891035, 154.192407;
156.799291, 148.619393;
163.674034, 164.395602;
148.058964, 134.225271;
150.563214, 156.158364;
161.791994, 165.057698;
155.504233, 157.145018;
157.293539, 157.281941;
164.557532, 160.805698;
155.242023, 154.720815;
157.981136, 161.557791;
156.759872, 161.155623;
158.861555, 157.959785;
171.661319, 163.975918;
167.308742, 165.128648;
170.299792, 153.968503;
163.358805, 165.158884;
151.493828, 154.780046;
160.080427, 160.405585;
157.688228, 155.660541;
156.576161, 157.302065;
156.459798, 148.173367;
165.333995, 169.432383;
157.610820, 151.200919;
166.350788, 165.196720;
165.511544, 169.595515;
152.797666, 151.767903;
153.381576, 159.783236;
154.535685, 166.403984;
155.708369, 146.804354;
170.542760, 154.569829;
167.765034, 156.609244;
166.635790, 167.462014;
165.818549, 166.274306;
161.729989, 162.219442;
164.570769, 168.122448;
158.967597, 161.002771;
156.759020, 158.548880;
165.237485, 163.310669;
162.032153, 151.024462;
157.335356, 159.743351;
157.219098, 145.661885;
166.179553, 159.237867;
167.348694, 167.687348;
152.157949, 155.747753;
169.801303, 153.112697;
157.232559, 161.393523;
157.277916, 145.622549;
161.592362, 165.041485;
151.555514, 157.064001;
166.788068, 174.847619;
159.439463, 160.114135;
157.729252, 156.720813;
154.891574, 156.580042;
164.337125, 159.788654;
157.707630, 157.698000;
155.245858, 164.352070;
155.941108, 156.282181;
166.692316, 167.862828;
165.725798, 168.913101;
165.856083, 169.517363;
153.633577, 143.594157;
158.550536, 157.660300;
164.470269, 161.264877;
165.775572, 156.941145;
157.047949, 153.686830;
159.130394, 133.969313;
164.015017, 140.421885;
165.658894, 164.200341;
146.640666, 139.119980;
147.512175, 145.337024;
161.149093, 171.340617;
157.187915, 145.162688;
160.631085, 158.329025;
157.368678, 157.787828;
160.969728, 157.428394;
154.915885, 166.363099;
155.897819, 146.805717;
156.489460, 157.165890;
168.650978, 164.531401;
152.551331, 145.319938;
164.831780, 168.261787;
154.485979, 158.719448;
162.047228, 165.753823;
150.065008, 139.314875;
164.610849, 160.269631;
157.194542, 145.762883;
151.911603, 149.567365;
152.713393, 156.426967;
150.447916, 153.473216;
157.876677, 158.251329;
162.527477, 166.402939;
157.691189, 145.772704;
157.186334, 147.192265;
165.942839, 168.884605;
161.943866, 151.058311;
154.421176, 143.682253;
156.959953, 155.505325;
155.235782, 158.755538;
148.372085, 154.955899;
154.256112, 154.112928;
157.703427, 146.316847;
147.136747, 142.372169;
146.023876, 149.470786;
171.444258, 164.084865;
153.797871, 142.523829;
161.009961, 158.907260;
148.967018, 150.279357;
156.719713, 150.088775;
159.657299, 163.312002;
170.483446, 154.529274;
161.846442, 161.140609;
169.446809, 153.561534;
165.771960, 168.426213;
151.794220, 159.090122;
155.826388, 158.124587;
166.144328, 167.111523;
156.071498, 146.773612;
156.832302, 152.628193;
163.185914, 163.751016;
159.134935, 158.586618;
162.133771, 161.116320;
165.753778, 168.910271;
162.418979, 162.289520;
156.461756, 148.650782;
157.647948, 154.432101;
163.568999, 164.528234;
158.916972, 162.498358;
163.286516, 160.205762;
156.229953, 145.225597;
165.215016, 166.521643;
152.127037, 157.168266;
156.812396, 150.046721;
169.260068, 155.362530;
155.959007, 156.417901;
172.181212, 164.984505;
164.376504, 159.391732;
169.833667, 155.049999;
158.004036, 157.520014;
157.517672, 145.679194;
170.133206, 154.480172;
165.020990, 161.352714;
150.107738, 154.327618;
156.119512, 147.332923;
156.683882, 152.507864;
157.004380, 158.522371;
153.815188, 152.616282;
154.355883, 145.060833;
146.557408, 130.862934;
155.161055, 155.259152;
165.480263, 172.213566;
162.134480, 161.178868;
156.832433, 148.138780;
158.061647, 160.312858;
170.606006, 154.467757;
148.328665, 154.868641;
156.695703, 157.266370;
167.002512, 175.593244;
160.061165, 158.766748;
156.548437, 148.157043;
165.019908, 170.947158;
157.503784, 159.272661;
149.758973, 138.807804;
153.415149, 149.347533;
157.450264, 155.246703;
165.822046, 164.751563;
152.030858, 157.044480;
163.637187, 161.593552;
165.090827, 170.125382;
157.660041, 164.490170;
150.547829, 157.927899;
155.349334, 156.769008;
161.628460, 135.883874;
152.117945, 157.446875;
159.371804, 160.102704;
162.094354, 160.255669;
154.361903, 149.505512;
149.887131, 140.020904;
155.930558, 145.737206;
159.538559, 166.303540;
159.847850, 159.455638;
160.539761, 158.886492;
161.780871, 164.238581;
164.100646, 159.297672;
169.216873, 168.779574;
165.405520, 168.190618;
168.369227, 151.844266;
145.911577, 134.058376;
156.154244, 157.862834;
155.912839, 159.300788;
151.442216, 154.615965;
161.504055, 158.964463;
169.401816, 153.904742;
152.165972, 157.132403;
157.719180, 155.480362;
156.710544, 155.711107;
161.213297, 154.993347;
157.390761, 158.770928;
168.759012, 163.392040;
149.220830, 151.472286;
160.155528, 141.482266;
165.945401, 169.546902;
156.975024, 147.761202;
151.566369, 157.963363;
145.916546, 141.363504;
155.747184, 149.682748;
163.439481, 163.560213;
154.758692, 157.702017;
160.069337, 166.396489;
165.587109, 161.994232;
169.704502, 154.425973;
167.112261, 167.141842;
152.968137, 157.167464;
148.070621, 142.851483;
167.801567, 167.073885;
149.039067, 150.832017;
166.516374, 167.666390;
152.279111, 150.814152;
157.964067, 158.322738;
154.535994, 152.654872;
146.778943, 140.083280;
168.954730, 167.859051;
157.231772, 145.878932;
171.040551, 161.307371;
168.556849, 162.820428;
157.238163, 145.644073;
154.703246, 144.975178;
162.778263, 166.377537;
153.301089, 146.577025;
158.340722, 163.404482;
166.885583, 168.145234;
154.479458, 152.961575;
151.129920, 149.218404;
148.940921, 155.904439;
156.591161, 163.881022;
156.847107, 163.392045;
148.965349, 150.828946;
160.168732, 158.610872;
148.853164, 150.273407;
149.650423, 155.719956;
157.735205, 145.868610;
169.782186, 153.167111;
155.830407, 160.784831;
163.366439, 160.986551;
151.702688, 157.108559;
163.526131, 163.394103;
167.583567, 166.763622;
156.455924, 150.211756;
148.741309, 155.393182;
158.863508, 160.197822;
162.941171, 165.799669;
158.774908, 160.567267;
153.107074, 141.145530;
161.026166, 166.393939;
156.085955, 145.108648;
166.147885, 164.200248;
156.077861, 159.854804;
152.727142, 156.676807;
158.331604, 158.938299;
162.480815, 160.281716;
146.247581, 139.967617;
148.615597, 154.944080;
165.433654, 168.585038;
156.609866, 162.407006;
156.454051, 154.553785;
148.775462, 155.391330;
