71.743857, 165.666983;
94.586395, 169.550444;
88.792814, 170.595182;
99.801785, 174.234135;
71.534298, 153.545776;
82.710572, 169.814923;
83.991113, 173.924799;
72.765915, 164.469311;
93.730612, 169.871710;
90.790974, 170.943177;
75.009992, 149.099597;
82.009693, 166.795701;
89.135718, 166.007127;
110.455421, 173.620206;
80.078787, 170.552677;
86.587295, 169.912048;
90.164212, 170.198977;
85.245466, 171.374930;
84.591341, 173.407018;
77.755602, 153.789557;
92.961199, 164.098776;
77.808939, 159.111033;
82.768739, 174.913000;
89.243742, 171.109127;
85.681686, 161.987880;
82.614481, 169.160175;
87.255100, 169.508469;
83.090864, 166.129170;
81.749535, 172.532362;
104.269463, 157.128332;
78.395855, 175.428015;
91.855487, 170.276047;
87.556647, 173.225527;
92.653522, 161.263976;
79.955501, 175.197383;
85.047166, 170.394827;
97.456323, 170.325330;
86.029626, 175.498225;
96.617673, 173.377304;
109.569298, 175.153243;
93.571950, 152.050819;
107.906820, 174.617465;
91.839727, 170.232524;
75.104324, 165.122112;
99.370636, 171.633464;
85.190739, 170.513659;
107.109668, 172.288641;
104.061556, 158.420711;
92.997693, 177.923674;
92.914141, 163.697433;
79.407877, 172.738377;
78.468826, 160.571868;
86.186818, 175.090781;
89.889039, 150.480815;
87.685529, 166.332001;
81.846758, 171.466172;
85.435131, 164.163997;
90.199538, 171.051196;
94.128510, 168.421501;
73.371046, 165.588058;
73.530281, 169.418445;
75.768361, 165.491348;
87.141736, 175.503170;
81.232027, 175.910548;
78.923187, 166.507431;
78.854815, 164.186683;
88.448783, 176.692308;
92.560601, 170.889802;
88.662203, 174.045566;
83.368977, 170.408597;
98.598310, 173.814415;
82.517199, 168.335175;
93.952314, 164.376365;
88.551512, 170.391137;
83.491258, 169.936324;
89.903397, 171.615401;
103.699582, 155.033561;
95.929818, 171.578004;
87.690219, 174.698938;
90.806550, 162.006494;
92.115605, 172.099524;
92.400470, 171.662011;
89.632627, 168.640028;
88.699776, 170.521356;
90.017204, 169.089871;
86.351823, 170.644251;
83.474729, 173.278776;
88.975278, 169.135012;
98.807821, 166.099903;
88.751557, 162.671368;
89.870303, 169.860085;
104.518756, 172.527124;
84.013030, 168.172489;
96.837086, 129.158185;
98.336359, 175.308926;
81.215330, 171.979872;
93.775467, 165.528711;
75.197107, 165.695349;
104.150821, 156.351074;
76.152410, 168.655491;
92.667770, 152.217922;
78.414972, 170.268477;
86.718328, 169.979719;
110.646396, 175.053349;
83.321920, 168.310380;
75.373636, 167.613432;
102.424078, 159.891784;
82.955220, 169.859646;
91.424394, 170.173422;
78.498854, 175.466583;
85.709440, 175.610934;
90.434713, 170.945907;
108.504065, 174.793003;
91.732086, 165.013112;
98.093604, 130.019781;
89.828746, 170.549825;
97.581213, 174.126580;
83.773060, 168.339866;
93.991081, 172.461366;
82.912994, 165.847365;
91.249536, 168.126645;
89.429976, 170.936840;
81.263168, 170.959403;
79.514837, 166.097732;
88.458387, 174.098976;
71.422562, 152.251377;
83.183396, 175.655566;
94.127765, 170.554365;
90.682460, 172.680081;
79.379427, 173.256569;
86.292762, 171.469772;
82.981355, 170.467978;
87.112784, 169.375933;
84.722739, 173.043996;
98.478743, 167.237629;
102.341029, 167.969635;
74.705112, 154.934065;
91.611905, 168.143641;
74.738333, 171.793674;
92.616973, 159.234256;
80.352997, 171.987566;
71.300521, 150.204648;
91.975433, 170.181216;
92.646435, 162.942026;
88.145514, 170.958678;
85.727244, 171.396892;
83.995508, 175.865836;
76.062918, 173.367813;
84.873828, 172.347448;
92.060859, 164.072710;
79.937560, 170.281521;
75.104221, 165.528170;
71.343343, 153.391933;
83.453164, 167.459461;
91.060094, 173.521698;
92.246981, 170.504480;
82.691894, 173.720459;
91.163850, 164.530962;
98.921586, 173.104352;
77.082271, 169.910018;
103.378234, 168.946457;
83.451429, 172.485599;
90.170038, 171.865160;
85.653279, 170.553290;
111.105115, 173.509362;
76.444721, 173.678010;
78.810148, 161.145828;
75.463813, 167.392173;
96.382770, 171.667248;
89.354495, 173.872821;
82.748464, 162.467470;
90.397533, 171.792130;
110.702184, 173.358694;
99.939869, 173.842916;
78.888482, 163.172764;
93.376332, 173.189445;
89.273340, 171.202555;
89.879049, 168.691625;
83.052576, 166.122541;
91.283338, 172.324956;
77.203889, 169.770676;
79.269002, 164.775881;
91.865497, 170.983421;
111.193569, 173.529928;
107.407039, 174.099995;
76.532053, 169.185435;
92.564219, 166.106961;
92.739047, 160.522407;
85.468113, 170.938281;
102.032568, 174.363838;
91.330123, 171.002695;
78.815928, 163.271829;
81.515072, 173.709919;
93.484869, 164.255810;
109.677223, 175.081082;
85.482333, 159.046227;
80.065952, 171.636953;
91.939599, 172.343048;
88.402041, 170.230127;
110.880339, 173.233128;
98.030655, 127.887776;
89.145646, 166.420323;
98.499966, 172.929720;
75.015039, 165.311375;
87.807056, 172.599072;
87.079383, 169.138694;
93.326551, 173.024427;
83.588303, 166.353107;
87.815404, 171.864953;
75.748713, 167.391717;
81.982021, 171.817859;
86.475901, 170.782929;
75.205308, 172.752519;
80.769883, 171.973919;
86.410901, 168.438061;
79.747414, 170.802176;
100.570875, 159.733707;
96.542028, 165.034493;
91.673469, 164.188079;
93.834052, 168.866872;
96.607164, 173.787833;
90.147903, 170.293695;
109.244069, 175.209012;
72.678618, 168.853629;
83.188210, 168.836723;
98.289355, 176.595421;
82.883167, 166.609852;
82.157990, 174.545862;
85.096579, 171.410630;
80.958818, 171.592665;
71.427336, 153.292519;
101.725806, 174.373434;
79.978943, 158.279822;
76.583391, 173.268455;
88.088187, 175.003599;
85.369151, 167.118971;
79.909736, 169.662599;
93.528632, 169.203473;
94.755274, 161.072158;
94.959542, 161.122605;
83.866992, 165.417244;
71.314729, 153.228422;
78.703496, 161.561056;
94.928891, 165.022662;
84.299578, 168.970738;
91.848412, 168.115508;
90.114127, 170.069696;
87.658350, 173.050388;
88.838188, 170.283863;
76.504585, 173.348251;
91.203006, 170.281400;
83.091949, 175.018875;
80.232586, 161.222026;
92.993384, 163.797487;
83.563248, 165.180524;
87.087434, 168.009148;
77.846175, 155.163806;
85.834478, 173.177909;
76.149152, 165.299642;
82.773488, 173.446496;
98.256945, 174.215600;
75.259456, 165.615212;
87.053079, 169.735089;
91.833806, 172.586962;
92.939621, 164.229522;
85.805880, 168.770634;
79.572733, 167.621191;
78.652814, 160.997433;
83.362764, 171.516220;
100.533658, 170.711640;
91.738480, 163.558934;
83.645268, 168.551721;
89.368825, 167.110262;
79.959319, 175.834654;
87.954649, 175.205531;
82.985446, 173.184268;
93.305535, 167.147418;
94.103349, 167.442524;
93.182555, 176.887319;
80.078483, 164.997858;
111.285230, 172.619600;
97.771634, 172.388514;
86.214415, 172.224364;
92.899699, 173.942953;
111.140932, 173.359505;
91.359085, 171.004793;
83.467300, 176.117203;
93.879976, 163.680572;
91.217948, 174.233833;
93.488730, 173.804559;
99.994566, 167.339345;
91.778973, 170.652476;
93.693159, 164.430848;
85.081005, 157.263469;
84.154805, 167.362003;
89.510723, 168.884925;
89.927578, 172.798353;
97.591273, 128.926601;
90.062270, 174.690543;
76.823061, 170.511654;
75.104449, 165.753548;
93.548108, 170.763458;
89.863339, 164.789252;
94.178308, 169.545799;
86.199391, 171.594408;
89.811457, 172.216450;
84.151562, 171.730735;
94.124514, 169.093541;
91.217348, 172.295153;
72.735810, 155.964226;
94.718734, 162.607665;
77.362738, 151.889849;
92.299651, 174.353669;
107.648595, 171.768595;
83.880504, 169.100334;
88.072744, 170.361165;
88.634311, 170.482718;
96.406790, 164.555256;
75.203165, 165.543017;
83.712641, 165.505204;
77.039276, 169.269832;
83.653481, 172.016472;
90.005290, 170.917739;
87.535550, 169.547355;
94.002220, 170.027514;
83.589577, 175.500491;
94.295821, 162.878935;
82.691969, 171.952843;
78.411823, 164.276274;
78.700642, 161.706017;
85.270269, 171.577577;
79.327579, 165.625414;
96.453609, 172.208408;
77.207101, 170.381159;
89.499856, 170.481990;
89.276673, 164.627818;
93.063311, 167.671585;
86.634835, 174.352922;
82.562434, 175.303329;
71.250451, 154.266161;
98.316370, 130.252307;
85.281599, 172.333708;
90.022722, 169.356729;
94.710817, 128.634032;
82.178181, 161.709766;
93.380195, 164.189860;
98.442470, 173.152288;
93.182499, 176.015096;
108.702471, 174.902319;
84.390122, 166.339978;
98.884950, 172.638232;
86.397204, 173.341567;
90.942620, 170.954074;
92.621836, 151.578339;
83.388069, 174.416100;
75.227315, 165.814497;
94.650469, 164.929965;
87.954096, 171.682597;
89.074528, 172.181878;
82.980859, 174.782302;
91.013042, 171.398329;
81.742734, 171.821179;
78.320326, 174.646604;
103.523421, 158.634335;
90.628961, 170.060148;
71.244621, 154.266074;
95.618889, 165.757364;
93.740001, 168.526330;
82.640175, 169.322094;
79.411610, 163.846899;
81.923775, 161.395562;
84.138088, 169.468806;
83.680859, 175.718509;
84.034728, 171.115536;
91.686936, 163.389534;
86.234726, 173.722526;
99.486992, 173.505441;
76.516521, 173.386627;
72.239087, 164.987053;
75.328017, 157.789351;
94.252553, 164.450174;
87.844972, 175.793016;
97.965462, 173.332827;
83.564104, 173.841991;
80.422832, 159.092666;
79.034122, 155.313200;
103.062242, 174.914091;
84.153774, 167.325312;
83.130400, 167.964517;
97.949906, 159.495988;
110.877118, 173.236516;
96.944210, 168.145809;
78.718841, 166.248311;
86.855053, 171.955444;
81.782677, 169.761225;
75.617600, 167.348311;
83.992768, 167.121306;
77.112616, 169.425940;
110.401758, 172.939582;
85.558487, 171.220450;
84.208643, 166.537591;
83.283199, 166.437690;
89.034372, 168.768403;
83.539024, 169.845092;
94.122918, 170.598036;
85.968142, 170.237461;
85.775889, 169.791618;
79.044097, 170.362097;
88.046303, 164.557451;
89.844578, 176.653521;
79.640672, 166.239021;
88.035296, 171.282536;
88.679246, 169.248697;
98.580097, 165.796408;
94.539914, 172.341657;
93.842237, 173.838270;
78.561417, 175.332431;
104.297335, 158.661758;
91.346826, 168.441908;
92.194077, 163.495294;
90.461945, 170.887776;
97.655474, 129.284195;
74.880567, 165.533326;
83.749572, 172.487870;
76.233721, 166.019540;
84.308507, 168.420808;
84.728617, 169.965989;
79.579595, 174.595356;
82.578430, 175.247344;
78.006422, 170.302962;
92.597802, 170.906432;
91.166402, 170.973255;
95.576093, 165.506097;
83.986569, 166.676957;
98.197727, 174.073833;
99.632199, 169.997763;
77.024837, 172.790542;
77.836046, 158.733820;
110.983267, 173.222081;
93.197068, 170.552230;
92.436625, 170.795158;
82.549971, 169.420769;
97.434459, 172.334681;
81.360872, 172.333323;
94.899611, 161.526676;
82.720701, 168.069430;
89.793425, 171.280015;
74.905490, 165.199472;
88.722259, 171.077594;
98.178122, 168.847888;
87.314695, 174.327475;
83.256082, 175.972360;
81.918933, 161.460672;
110.760468, 173.769558;
87.112426, 172.816802;
100.032629, 179.109852;
81.420759, 173.007117;
84.922946, 170.117897;
88.485547, 174.635638;
100.007311, 168.258891;
110.555189, 173.704124;
96.424284, 165.095924;
84.421695, 168.281656;
93.727576, 173.824301;
90.117924, 170.092313;
82.354227, 168.720276;
84.965483, 165.009411;
85.980921, 171.418570;
89.193517, 168.832239;
88.180307, 172.946852;
78.013170, 169.814319;
84.250415, 169.980494;
90.549247, 165.032957;
92.593558, 168.144822;
76.441132, 173.504274;
83.322975, 174.898334;
109.275594, 175.160713;
89.387040, 169.962330;
79.138277, 170.625783;
89.980081, 171.903857;
80.308275, 174.507398;
110.851627, 173.233314;
82.381123, 168.888480;
89.779788, 163.554471;
92.402982, 172.951183;
89.938688, 170.803053;
87.134013, 169.394218;
92.964949, 170.532248;
82.738959, 173.696506;
93.304496, 161.665998;
82.255933, 174.426508;
83.896626, 176.520312;
83.555588, 171.791569;
102.162652, 175.114473;
100.671127, 169.760970;
71.637704, 166.290517;
81.882086, 174.894928;
84.025586, 171.592426;
86.770145, 168.889873;
79.649208, 167.970201;
77.569774, 174.376791;
101.524001, 171.574948;
82.639658, 168.960926;
91.995735, 176.350529;
82.150225, 167.400921;
84.367353, 167.439714;
83.737893, 176.266980;
72.865587, 165.096915;
97.403280, 174.316424;
78.924087, 161.882813;
82.878641, 165.836039;
75.094724, 165.605771;
100.854372, 166.916239;
81.128671, 160.927801;
87.234439, 171.155750;
89.446533, 172.204887;
77.290942, 170.915624;
83.189944, 161.588168;
86.304209, 171.701676;
89.038925, 174.161975;
79.500861, 172.418617;
87.398503, 172.110219;
81.529939, 172.059065;
89.530046, 173.820158;
87.436598, 167.205807;
89.448227, 170.831194;
110.376865, 173.554542;
71.439703, 153.045427;
95.896094, 165.313901;
78.336714, 165.134662;
71.327096, 154.334804;
82.641624, 166.267764;
82.147707, 168.267478;
86.494303, 169.861657;
88.103560, 173.850722;
106.856128, 172.281945;
71.351277, 153.671690;
71.325034, 153.873538;
89.710977, 171.043433;
88.621709, 173.932657;
88.263293, 170.129019;
76.876873, 166.451960;
82.541872, 176.188241;
87.200819, 169.296252;
86.250532, 173.234967;
89.944736, 171.320045;
80.071463, 175.686189;
79.122340, 171.352766;
94.229520, 170.405618;
83.920231, 171.438428;
71.418415, 152.174356;
79.680769, 156.423324;
71.660523, 154.650555;
82.328229, 169.117617;
82.454288, 175.969215;
111.192671, 172.084124;
83.500927, 167.229890;
91.106137, 170.919883;
83.399718, 167.560040;
81.212065, 173.056972;
92.038389, 164.014075;
93.589097, 172.824389;
88.552350, 170.567903;
87.752326, 171.162155;
87.910284, 172.247516;
92.395412, 163.697531;
110.934280, 173.332592;
92.775191, 157.871932;
75.398275, 165.986567;
71.627011, 166.145770;
83.714874, 166.113063;
87.215679, 172.435716;
86.556356, 173.593596;
86.579269, 166.504384;
83.084166, 166.194042;
93.002564, 163.598362;
90.136360, 170.942732;
90.588097, 173.567685;
79.095073, 164.578149;
88.233118, 170.098385;
88.208114, 169.709819;
80.310404, 166.864457;
88.185397, 170.132633;
90.139966, 148.500701;
87.532674, 171.699177;
85.732061, 170.301564;
87.192392, 172.099232;
96.907861, 167.698384;
76.816861, 164.962437;
110.011726, 174.871932;
90.630378, 169.334875;
93.080314, 173.464726;
90.988306, 167.705054;
87.355484, 173.788074;
92.861009, 154.175384;
84.271568, 165.386872;
87.457787, 171.200608;
85.121040, 173.381198;
74.986366, 156.000447;
82.664290, 168.915779;
87.672379, 171.096357;
86.035648, 176.095971;
87.178758, 172.071062;
98.486731, 173.634739;
93.072425, 162.394155;
92.454452, 173.790198;
93.943163, 168.757507;
