97.105298, 169.976052;
89.267973, 168.439825;
90.137515, 173.523712;
89.503166, 156.502818;
98.258442, 152.484448;
90.215848, 169.393483;
85.944469, 169.453474;
92.125425, 170.203308;
85.149587, 165.680441;
86.708027, 162.176674;
90.296342, 165.442218;
94.826298, 174.044692;
86.141253, 171.974831;
80.786288, 167.339578;
86.640983, 172.726764;
94.957141, 160.365510;
81.138349, 168.279063;
77.598865, 166.694794;
83.708473, 163.696783;
89.207160, 159.839995;
86.715485, 159.008454;
90.313511, 160.105376;
90.372874, 151.173279;
89.382232, 166.546345;
82.317545, 166.432868;
98.579521, 160.698436;
80.715277, 175.271810;
97.066624, 170.603577;
91.827887, 173.996947;
79.311092, 167.587618;
90.659658, 173.458713;
80.676325, 164.135901;
84.181812, 167.506074;
88.132362, 172.884617;
79.667046, 166.633307;
78.911359, 167.673473;
87.979988, 168.516084;
92.468479, 166.934286;
92.145946, 164.019448;
85.783731, 158.930629;
76.427077, 174.565633;
89.528653, 169.927179;
83.938383, 161.022965;
89.477529, 173.762821;
81.981071, 159.952923;
88.468768, 161.849401;
79.786187, 154.444649;
85.308059, 164.101220;
81.417461, 166.144129;
89.470566, 161.403490;
95.767805, 165.850881;
86.220996, 164.097317;
82.044242, 165.174723;
91.449943, 169.038509;
82.391228, 168.989499;
92.442716, 166.562268;
85.265412, 153.388046;
87.325473, 169.016033;
87.880517, 168.210611;
87.652164, 163.795942;
96.288065, 169.229924;
87.341138, 173.066123;
90.252609, 173.518620;
86.974243, 156.702704;
86.706822, 150.110926;
92.355359, 168.296265;
90.225646, 160.211695;
89.408576, 162.239078;
77.103100, 169.542520;
89.208648, 168.956734;
86.067236, 152.632079;
88.413404, 153.039593;
80.650892, 167.994603;
85.517568, 156.514300;
81.784424, 167.699525;
86.624861, 150.647378;
81.872474, 166.177452;
86.367892, 166.420410;
82.014451, 169.130739;
88.264638, 170.048061;
90.754877, 164.367686;
92.873411, 159.661760;
91.672651, 164.882771;
91.823564, 166.237354;
77.663882, 166.160118;
87.127003, 171.536471;
94.641793, 166.424507;
97.661695, 171.800066;
88.583220, 172.133489;
78.882437, 166.544302;
82.729494, 165.592925;
89.682505, 169.030054;
86.892300, 169.863111;
93.286106, 159.135443;
90.077726, 161.539461;
98.022859, 150.849339;
91.900498, 168.820389;
81.746022, 162.953205;
97.089065, 162.767670;
93.227448, 158.664169;
81.922766, 165.802128;
82.314029, 147.813931;
93.399311, 175.059454;
99.997947, 173.960971;
86.624874, 172.545106;
86.106076, 164.692593;
89.286714, 169.553265;
85.481724, 163.098502;
78.461954, 166.320116;
75.243886, 166.465352;
84.583993, 165.736905;
88.876295, 165.178818;
88.554245, 171.212824;
88.659568, 160.980457;
96.655712, 169.907732;
89.737864, 171.561781;
80.999270, 170.931917;
81.648252, 165.578718;
90.566594, 167.921096;
86.894615, 154.582004;
89.978737, 161.562457;
86.301504, 169.592442;
98.319368, 159.285839;
79.178465, 166.806871;
80.519189, 166.033125;
92.516457, 166.509150;
91.123497, 168.450411;
78.788770, 165.851712;
88.981809, 163.089258;
80.904270, 161.493451;
81.729023, 158.675361;
84.926944, 159.218627;
90.749183, 173.173735;
85.050122, 165.375023;
86.123663, 171.840146;
86.057020, 160.186898;
77.799693, 160.317352;
89.648351, 150.440098;
86.954350, 173.388173;
87.679149, 156.496772;
87.331400, 144.905239;
85.336207, 169.212249;
85.852378, 173.221635;
80.768287, 165.469744;
93.379065, 162.962507;
76.202512, 168.184238;
86.307805, 169.901851;
79.466970, 164.288683;
98.398014, 155.406018;
90.109485, 165.942147;
88.119162, 162.268988;
87.894045, 169.304474;
89.443501, 163.513667;
85.951894, 166.105654;
91.135584, 173.808420;
94.173254, 174.992642;
91.572472, 173.142548;
78.250748, 166.619045;
80.129993, 164.045745;
91.380596, 165.729797;
81.508144, 154.913680;
89.806348, 163.804406;
83.951927, 168.523920;
88.243988, 171.585780;
81.500071, 154.548174;
80.138284, 166.310379;
95.220444, 165.666567;
93.775033, 175.373936;
85.886092, 155.192605;
85.725879, 170.593736;
78.106794, 172.367639;
75.492658, 166.412688;
90.291109, 165.047210;
90.147795, 162.888836;
77.729718, 163.227591;
84.581599, 168.413302;
97.150826, 170.512666;
85.890730, 168.136955;
81.934977, 167.592683;
86.625845, 170.870844;
89.620133, 169.385798;
85.577571, 169.318318;
75.413864, 165.525623;
81.674989, 173.277879;
78.231610, 152.269287;
79.991226, 164.677219;
88.709610, 159.904747;
91.996908, 166.085422;
86.101920, 164.529486;
91.015644, 166.255635;
87.956297, 169.279136;
78.046205, 170.406354;
91.607103, 164.402563;
87.214508, 171.644906;
81.639335, 165.886650;
93.062246, 158.545098;
92.335893, 165.686190;
92.453216, 168.731087;
86.647139, 161.271153;
92.095240, 162.229991;
89.861681, 163.532467;
84.710157, 168.475764;
77.352328, 170.471414;
84.924490, 162.019633;
98.827832, 161.265535;
87.725355, 169.122708;
94.768933, 168.573075;
85.548460, 168.604195;
91.574743, 166.033480;
80.128757, 167.759059;
98.204767, 165.034915;
85.921994, 169.878732;
91.578077, 165.440774;
87.104738, 154.219684;
90.822757, 163.710634;
78.147463, 163.266390;
82.415630, 167.565305;
91.443412, 161.472228;
92.447322, 165.190819;
86.038041, 168.072129;
88.272280, 165.293576;
86.618622, 155.076909;
82.452995, 164.915387;
90.851171, 173.043203;
89.778437, 161.147070;
77.723034, 172.316287;
94.271220, 164.688596;
85.997686, 168.172386;
85.969370, 169.212104;
95.099440, 167.771370;
88.017074, 167.203617;
87.493027, 168.955995;
85.623250, 171.042166;
84.969642, 155.916513;
86.975751, 144.192796;
89.043870, 172.859917;
81.632060, 161.948983;
97.567202, 174.599186;
87.734162, 168.028657;
84.458477, 164.861871;
84.654783, 168.196844;
82.803143, 166.925524;
92.055172, 163.406408;
85.048166, 157.102922;
78.238678, 172.826336;
91.885932, 167.499893;
81.510083, 166.753304;
90.828278, 174.133173;
90.141106, 172.859885;
79.103104, 169.887593;
97.214401, 174.844651;
99.571885, 174.580180;
84.984038, 168.738998;
80.479179, 164.845536;
84.814449, 165.938262;
82.201361, 167.383428;
87.086488, 159.957163;
88.107263, 167.966755;
98.679963, 164.226431;
88.286928, 171.055482;
83.857029, 169.159488;
83.139043, 168.243025;
82.304507, 168.627801;
84.537072, 167.188815;
88.436599, 163.795600;
89.846778, 163.254252;
87.218599, 167.115159;
84.523234, 159.356483;
81.004011, 164.084013;
90.355127, 167.917678;
88.713861, 169.641387;
84.804985, 157.139307;
88.842576, 170.027003;
84.711541, 168.336443;
95.442775, 167.421498;
88.142531, 168.059168;
96.388951, 169.254092;
88.597505, 169.955930;
89.278195, 171.883271;
86.416309, 156.613949;
96.873688, 167.945940;
84.740310, 155.078337;
79.772107, 168.492027;
78.068808, 152.025781;
82.268776, 173.361291;
89.922494, 162.855228;
88.947969, 156.046551;
87.307002, 156.432179;
91.127001, 172.074212;
81.944805, 165.388770;
81.442461, 174.581363;
92.238059, 161.194981;
93.362604, 164.334922;
90.516786, 161.376414;
84.275440, 166.963899;
83.280294, 163.123669;
91.499369, 159.409022;
87.961319, 166.178304;
85.250523, 169.976933;
83.272088, 167.066738;
77.377827, 167.710764;
93.721407, 165.637192;
82.526614, 168.960613;
90.114829, 172.439934;
79.095174, 175.800009;
91.754724, 165.780462;
78.539533, 166.400074;
92.316633, 164.318147;
84.818962, 156.272425;
84.343451, 168.305824;
87.857652, 168.468202;
98.204308, 153.264647;
87.536345, 168.481692;
82.262562, 151.248206;
77.458092, 174.489978;
86.978522, 172.762177;
97.396344, 172.966897;
82.649406, 166.336113;
87.492020, 162.091220;
92.303186, 165.590843;
88.430718, 164.051235;
87.712248, 167.236165;
88.391971, 161.573053;
87.569766, 169.623903;
82.438067, 172.983900;
91.252513, 174.587896;
85.078567, 159.721476;
81.276206, 165.025891;
87.936271, 170.593794;
93.808539, 167.447986;
89.430107, 172.125131;
89.713778, 170.966483;
86.520833, 169.413940;
90.333515, 161.814053;
88.907186, 164.337997;
88.538896, 169.282139;
94.612018, 173.323251;
92.882920, 160.248667;
87.101078, 163.450879;
80.984439, 163.857041;
87.356735, 150.759206;
86.267154, 168.294255;
86.076123, 155.082574;
91.168236, 173.795305;
91.770931, 170.388476;
85.542842, 159.064833;
87.731698, 161.351722;
75.835887, 165.979854;
98.937484, 170.357524;
76.554787, 165.855873;
87.350683, 166.511590;
85.775186, 168.330937;
89.505353, 172.625700;
87.218699, 159.238142;
89.315128, 170.710165;
92.327288, 161.671965;
90.548297, 166.542335;
82.019890, 167.907013;
78.083652, 165.533968;
87.674648, 150.046865;
86.425845, 167.711836;
98.040207, 154.803122;
84.960549, 159.663870;
97.984576, 151.003642;
81.248464, 160.889221;
90.672740, 168.843211;
95.968774, 173.506026;
90.253250, 172.557038;
90.564220, 174.354106;
82.070205, 165.607133;
87.683030, 158.726463;
77.941094, 165.873971;
85.803592, 161.928167;
86.656735, 145.099277;
81.724328, 158.780725;
84.930539, 166.563846;
76.980545, 168.991450;
79.147138, 154.193427;
89.944955, 173.462780;
87.628631, 171.192134;
87.996988, 157.148583;
85.766173, 157.907550;
85.604253, 170.382924;
80.157529, 145.770302;
78.618914, 151.971628;
84.715735, 167.154300;
84.857167, 172.827698;
92.418635, 166.485496;
88.504567, 161.357284;
90.933467, 152.835547;
79.651219, 164.509255;
80.595593, 174.272918;
82.176737, 167.442676;
82.271156, 166.731201;
77.754066, 166.394712;
87.794620, 172.174981;
90.044077, 168.763159;
92.456543, 166.525674;
92.529145, 167.030708;
89.977513, 164.299806;
85.108104, 166.501583;
92.707380, 170.455717;
87.145324, 164.695499;
88.104532, 155.530403;
92.454513, 160.298684;
89.900449, 158.572899;
80.747628, 145.307471;
91.142733, 177.893292;
90.359135, 171.285741;
85.302063, 168.804905;
88.226875, 159.538206;
85.694049, 163.582001;
87.173794, 155.480250;
84.067555, 160.692081;
77.899718, 151.838226;
90.871633, 167.590186;
96.306330, 162.606073;
90.191871, 173.765167;
86.846645, 169.478574;
85.364408, 167.556523;
90.349431, 172.072229;
92.262863, 165.668209;
90.085743, 166.664823;
86.987200, 165.987733;
84.525304, 159.959913;
90.116174, 163.648726;
86.051568, 170.167961;
91.006939, 157.047254;
98.041624, 151.452314;
87.865463, 167.163071;
92.046874, 166.438783;
77.281412, 168.180312;
88.222817, 167.658690;
92.363410, 163.977387;
89.236044, 164.393035;
92.883619, 166.637828;
88.540751, 170.795342;
89.602795, 171.912336;
81.639961, 161.698535;
84.348031, 158.876278;
89.163327, 160.533930;
90.524772, 173.566563;
89.790926, 170.155991;
92.880368, 164.172146;
89.997674, 151.647717;
85.215005, 171.443070;
92.547650, 165.501957;
85.375789, 168.110404;
92.667541, 160.139667;
86.045712, 161.515512;
84.968597, 159.633937;
90.491269, 166.807078;
86.852282, 172.888415;
99.153690, 165.068103;
81.089841, 163.851711;
89.331541, 171.605598;
84.537548, 173.693372;
84.220892, 159.021534;
87.402435, 168.253127;
81.604651, 160.438868;
76.941198, 166.148434;
92.149425, 174.879816;
86.669454, 174.641585;
83.000676, 167.904056;
83.830622, 174.258543;
96.129675, 162.872657;
92.806317, 164.486379;
82.505547, 166.014693;
88.266780, 151.858562;
86.867769, 159.958072;
89.307149, 167.000470;
89.126488, 170.453537;
91.359472, 174.502448;
88.644944, 165.838663;
92.154891, 165.656171;
90.396641, 163.518506;
87.242875, 170.166474;
88.754861, 159.677481;
88.700273, 170.603622;
83.943120, 163.552857;
84.354860, 168.263494;
76.809358, 165.534074;
86.183848, 152.490346;
75.721800, 166.369579;
92.538185, 166.484382;
80.515556, 165.507123;
80.743848, 150.342125;
84.988766, 159.543311;
86.350348, 170.452268;
96.844254, 171.376475;
94.961505, 173.486265;
88.152698, 169.290291;
95.559458, 170.246369;
86.618664, 172.560743;
78.349628, 170.533732;
89.320240, 170.238161;
79.064802, 167.051833;
95.826895, 168.027549;
82.750046, 153.887204;
87.501988, 149.671149;
82.022385, 154.933224;
75.500999, 166.540225;
98.411609, 159.795920;
88.029010, 161.433310;
92.852840, 167.420406;
81.992551, 167.107298;
85.033311, 173.186254;
89.613208, 162.368642;
92.211862, 165.065144;
88.705087, 169.655835;
79.712516, 172.011966;
79.193773, 168.384859;
81.374237, 167.725639;
82.295905, 167.327389;
88.329451, 153.138550;
95.064991, 167.469946;
85.539379, 173.207851;
86.001562, 169.724047;
88.651729, 158.605910;
81.048630, 163.429330;
80.378057, 146.133190;
90.366571, 174.128101;
79.168324, 163.443864;
89.169363, 156.401894;
84.417599, 165.439838;
87.163701, 144.303449;
81.561384, 161.977391;
85.117754, 168.423399;
92.398990, 164.603919;
88.927894, 166.541430;
84.890108, 171.911513;
89.678860, 166.113353;
78.488674, 152.845807;
88.313158, 171.844260;
92.348646, 166.242906;
95.432402, 173.329302;
87.548532, 171.670884;
85.725840, 165.908831;
85.440733, 168.417776;
84.124470, 162.944132;
91.443822, 174.303451;
87.437686, 167.894740;
86.751013, 168.264892;
82.369481, 166.118711;
95.601891, 167.373107;
89.123251, 166.105143;
89.268653, 167.418971;
76.725058, 174.551482;
86.098161, 149.550376;
92.143691, 163.923983;
77.090516, 165.852383;
88.245376, 173.128392;
79.375078, 169.289291;
86.970768, 153.499943;
98.000971, 152.184075;
90.228373, 161.128356;
89.860326, 160.667617;
87.055155, 173.043592;
91.071778, 176.319862;
94.988979, 169.449798;
93.997508, 170.199313;
92.003157, 166.204505;
89.028311, 169.855242;
98.666115, 175.091118;
85.388983, 155.848703;
87.808457, 167.134327;
97.591057, 163.758559;
80.176922, 165.317400;
88.702686, 172.626982;
80.984889, 165.005790;
90.860491, 167.983416;
85.010372, 168.927055;
90.217181, 162.411764;
88.916840, 166.722196;
89.245340, 173.543798;
84.935507, 169.832200;
90.160579, 163.399992;
84.203630, 169.935512;
95.361970, 167.151090;
96.806228, 168.405007;
83.596629, 168.595863;
87.373917, 162.457471;
83.578302, 153.911261;
86.052152, 151.779220;
83.885457, 164.485760;
88.445220, 156.417475;
86.420315, 167.825974;
89.447978, 172.118529;
96.573968, 174.132291;
90.055750, 167.568707;
85.906832, 174.572007;
89.185664, 150.669797;
92.675761, 170.447392;
81.831798, 170.402372;
86.607932, 170.995055;
87.556074, 165.748331;
90.429558, 169.185331;
91.712434, 166.584687;
87.493219, 153.255744;
87.591953, 149.505618;
