106.980754, 171.910762;
108.543929, 175.934355;
107.108427, 170.206758;
110.576707, 172.609425;
104.252575, 173.347414;
110.457863, 170.383370;
111.576533, 170.344705;
106.309509, 172.773832;
108.300294, 172.633915;
108.656728, 174.688535;
107.220424, 172.764953;
104.547602, 179.396781;
97.814543, 174.073870;
106.094587, 174.747000;
111.506282, 169.692653;
96.577097, 174.439572;
108.949156, 174.577728;
107.263648, 175.100565;
104.241459, 175.933593;
108.849584, 171.769500;
107.741174, 173.349959;
108.049695, 171.342117;
104.960958, 177.818430;
108.842694, 175.415364;
108.741580, 174.036789;
107.531311, 175.209371;
97.151452, 175.662601;
104.894830, 173.604783;
106.639208, 172.313192;
105.082156, 174.309403;
106.548745, 172.940460;
111.344392, 171.125595;
111.259000, 171.002967;
108.501844, 172.224309;
104.089022, 175.644656;
97.380480, 179.034316;
106.101978, 171.856480;
103.264406, 175.520465;
104.752313, 174.943497;
104.879722, 176.348014;
106.999031, 173.994971;
105.498500, 175.487128;
106.148517, 171.798136;
106.330060, 172.983654;
101.412764, 177.371984;
98.397715, 177.609631;
104.660039, 171.583408;
104.731528, 174.417698;
109.164903, 174.433373;
107.918790, 173.805601;
106.358391, 172.635210;
111.572845, 168.444869;
103.259361, 175.408970;
109.083558, 172.657003;
106.761270, 172.435591;
106.544986, 172.734485;
106.869487, 172.588033;
107.097307, 173.698496;
108.569781, 176.481749;
106.247843, 174.133615;
107.012124, 174.054348;
104.599390, 173.229460;
102.118537, 176.455921;
106.562196, 172.833407;
106.140536, 172.953075;
106.660055, 177.905617;
104.178497, 177.917173;
108.626311, 175.324040;
104.620527, 176.077026;
111.620501, 172.242903;
110.276104, 172.085443;
96.790838, 175.079808;
108.338428, 172.984206;
101.454511, 177.596950;
107.573355, 175.331022;
112.377883, 176.681998;
105.409348, 174.598639;
106.366570, 174.766710;
108.717870, 169.999595;
107.984421, 173.089992;
108.102258, 178.124916;
108.058763, 179.038878;
99.002054, 174.681172;
109.607390, 172.297708;
100.663431, 173.897319;
106.553864, 176.069451;
104.186876, 174.902214;
101.469230, 176.661978;
103.683455, 171.790771;
105.027682, 172.744789;
110.384364, 174.221949;
105.430346, 175.910678;
105.637346, 170.503632;
107.103875, 173.168114;
106.724768, 172.251470;
105.140852, 171.519085;
104.304825, 173.452742;
105.239048, 174.700860;
107.023829, 171.107666;
108.892427, 172.955957;
105.452559, 172.805100;
96.734648, 174.367426;
105.538806, 173.501375;
98.988504, 177.452947;
107.138739, 175.736943;
105.262011, 173.063137;
107.639671, 175.374975;
109.096797, 173.433737;
106.589708, 172.779470;
103.702950, 175.447964;
106.764143, 174.136298;
105.140590, 175.872529;
108.422808, 174.086618;
111.482052, 175.513545;
110.143749, 173.369555;
95.127643, 173.672751;
101.599861, 176.700715;
105.732720, 170.738900;
109.366182, 173.176496;
109.175412, 172.046529;
111.061062, 170.533513;
108.036077, 177.471032;
104.603245, 177.875808;
105.261751, 172.722954;
102.161786, 176.688205;
108.683003, 175.031803;
110.791329, 170.894398;
107.167905, 172.134370;
105.950649, 171.521106;
109.248470, 176.386872;
96.895785, 174.603127;
111.383941, 170.190652;
102.827707, 173.682567;
103.833350, 171.339988;
103.796439, 172.995931;
109.068772, 173.362068;
107.524697, 173.321239;
108.663606, 172.034786;
103.898709, 176.433139;
104.254984, 172.881459;
109.068859, 175.545539;
105.212484, 172.578000;
108.444997, 171.611146;
110.784049, 170.200180;
102.340743, 177.454495;
107.533038, 172.611342;
107.403196, 171.492571;
108.029081, 173.509274;
111.127544, 170.076130;
104.798725, 172.962216;
105.948134, 172.667799;
95.802072, 177.979296;
107.836939, 171.626200;
108.640421, 174.903487;
109.802187, 175.123173;
109.262106, 172.619062;
101.129458, 178.324470;
105.228670, 171.895793;
104.005719, 171.135878;
109.562147, 177.433381;
108.476127, 174.386562;
107.700013, 175.405472;
106.326720, 176.712542;
106.186252, 173.411129;
111.920587, 173.013519;
107.125982, 175.770522;
106.249509, 175.005281;
104.307914, 175.996109;
102.959516, 174.707112;
99.481880, 172.445246;
105.666052, 175.419402;
111.062550, 175.551259;
106.615651, 172.078875;
108.044232, 171.593677;
113.046798, 170.230890;
100.755022, 174.646650;
106.045651, 173.045505;
100.553855, 175.517415;
107.223482, 175.538545;
107.532505, 178.164752;
108.905312, 173.609203;
105.799620, 175.265168;
102.242836, 178.272888;
107.074036, 170.750974;
108.147932, 174.302366;
107.908258, 173.547823;
96.628886, 178.481407;
106.632316, 175.707511;
109.043739, 172.986531;
104.694027, 172.600838;
103.760555, 173.312693;
109.574030, 171.818823;
105.706487, 174.959187;
107.994991, 174.847735;
104.004761, 172.780837;
107.852288, 177.977768;
110.131874, 172.931733;
105.601959, 175.397615;
98.771342, 174.108358;
111.340363, 173.952585;
106.474429, 172.866089;
110.637806, 171.065308;
96.912869, 174.973090;
109.381512, 174.266167;
104.513985, 172.694031;
107.318651, 172.088526;
107.072984, 175.958175;
106.532547, 172.360636;
108.356218, 172.253137;
107.560728, 173.483849;
107.033140, 170.726412;
96.868964, 174.411024;
107.261844, 170.500174;
106.017539, 174.475969;
105.350020, 172.863878;
109.742503, 171.862523;
108.290833, 175.454125;
104.740450, 173.635126;
100.260712, 173.012385;
105.355103, 175.304768;
107.036868, 172.899110;
109.202310, 176.266513;
110.420307, 173.773165;
106.071780, 172.988054;
103.955678, 173.152857;
106.671523, 172.511752;
106.407557, 172.237713;
106.258886, 172.007769;
107.735217, 174.976578;
106.906764, 172.721452;
106.882070, 172.719827;
109.221009, 169.746663;
105.488962, 171.640448;
111.061534, 170.136997;
108.565545, 172.684310;
108.055095, 174.856827;
108.107352, 174.404259;
107.606287, 172.954622;
106.254169, 173.011626;
112.461834, 173.034641;
105.300017, 173.327154;
109.079119, 175.898524;
108.578322, 173.180080;
99.275000, 172.887158;
110.709153, 170.654692;
97.464178, 174.386064;
106.425811, 173.357714;
106.866055, 171.882480;
105.182749, 178.025979;
103.341243, 175.805601;
107.597495, 173.189575;
104.835034, 173.004435;
95.832216, 172.809934;
108.351688, 171.551666;
107.631357, 175.447343;
106.375672, 172.837684;
110.266725, 175.272454;
105.663298, 173.258267;
104.405582, 173.355110;
107.435268, 171.451048;
108.597970, 175.913457;
107.796526, 173.877798;
107.941974, 173.011739;
106.815319, 177.328325;
112.308443, 169.062248;
109.383212, 176.728403;
105.293054, 172.625140;
108.525633, 172.798276;
98.923432, 178.310795;
98.818201, 175.151724;
105.157286, 174.066132;
109.012634, 169.663832;
110.329495, 176.209325;
108.774576, 173.854182;
106.563514, 172.090465;
109.171251, 174.155269;
105.597553, 178.044383;
106.207401, 176.982824;
101.964675, 176.393641;
107.679625, 175.377365;
109.419427, 170.108549;
104.097145, 175.748218;
106.722301, 172.759823;
103.646989, 179.029005;
108.134709, 173.759636;
109.552494, 170.318772;
108.008413, 170.564925;
103.843540, 171.999706;
108.454182, 174.877063;
109.242972, 172.543763;
106.040477, 171.807071;
105.697389, 173.455526;
100.965967, 175.410589;
104.587891, 175.811343;
109.529520, 170.455445;
104.620460, 172.363462;
106.416821, 172.985608;
108.294848, 176.236209;
108.631338, 171.798378;
108.554411, 176.256938;
99.900598, 175.692680;
105.661673, 176.780367;
113.429269, 172.541757;
108.575113, 175.763810;
108.949662, 173.772303;
107.050026, 172.531019;
107.986741, 174.704838;
107.203411, 172.827323;
108.203521, 176.297789;
104.345175, 171.732024;
100.108723, 177.624689;
110.329062, 169.300248;
97.433261, 174.335565;
105.297681, 172.724187;
104.723341, 172.942009;
107.170935, 173.503552;
107.564749, 175.527155;
104.993547, 177.874549;
105.630354, 176.067755;
97.358404, 174.531069;
107.919466, 174.732898;
102.132881, 176.946421;
107.741111, 174.196108;
106.468632, 171.602081;
104.673744, 173.197503;
112.486378, 172.329313;
111.169731, 170.354667;
107.470049, 176.121936;
105.758882, 175.599357;
107.026609, 170.613752;
109.728946, 175.678415;
108.142882, 172.208127;
100.673735, 175.995668;
108.473497, 170.452624;
103.925608, 173.181710;
106.296528, 172.841610;
107.224142, 170.320707;
97.465604, 174.901306;
103.671300, 174.858098;
108.828126, 172.536479;
101.641405, 177.399667;
109.380048, 174.268568;
105.043084, 176.025983;
107.949380, 174.434792;
111.716555, 174.205562;
111.622515, 170.484631;
108.374872, 174.786371;
108.833663, 172.610281;
106.507303, 172.838681;
104.393680, 173.354638;
105.511509, 173.797489;
107.198721, 172.309043;
112.784562, 170.429928;
102.442309, 177.705295;
108.542417, 174.482158;
106.600607, 171.752482;
106.572523, 173.242946;
104.816630, 173.845491;
100.364452, 174.644653;
106.351090, 172.976624;
104.965089, 171.385755;
109.439962, 172.744422;
107.497876, 174.970695;
106.875354, 173.627183;
103.122356, 174.070488;
102.872625, 178.778647;
104.281728, 173.641940;
114.357001, 168.653137;
108.593036, 172.599329;
103.817817, 175.423556;
111.319208, 175.291414;
105.854050, 173.402719;
106.515663, 172.452186;
104.376106, 172.874041;
106.868062, 173.793784;
103.275869, 177.985866;
110.469777, 172.209862;
108.109634, 170.810410;
106.533112, 172.894459;
107.030148, 172.835292;
107.394197, 177.032459;
107.814756, 174.006944;
98.936387, 177.947510;
105.719236, 172.517679;
106.032883, 174.009197;
101.683321, 175.714458;
107.204881, 179.019241;
110.676546, 170.634958;
110.898568, 170.416584;
107.399992, 175.670479;
107.375645, 174.356108;
107.190588, 171.196087;
105.675150, 175.338564;
106.872261, 171.445278;
107.858401, 173.090293;
104.596690, 172.974006;
101.235559, 176.079494;
99.015994, 174.018565;
108.539563, 176.427853;
96.014682, 175.538140;
95.903809, 174.658489;
107.226210, 171.020527;
107.377401, 172.564546;
108.665382, 174.736303;
108.750760, 176.496645;
105.887646, 176.664951;
101.885162, 176.796463;
104.718541, 171.593808;
106.530231, 172.443867;
107.473844, 171.239422;
106.571189, 172.771351;
104.640044, 174.815407;
109.294632, 172.828478;
108.784078, 173.318596;
99.943367, 173.367212;
106.349624, 172.872470;
103.984669, 175.731467;
107.086002, 175.849236;
108.202848, 173.876257;
98.828207, 178.413351;
106.213589, 172.814329;
104.026636, 177.621111;
105.282051, 172.178119;
108.743295, 175.029939;
108.900453, 174.652464;
105.403722, 173.623807;
105.400488, 173.499027;
108.562198, 174.272120;
106.297339, 172.044490;
106.435351, 172.989803;
110.436318, 170.950833;
104.039698, 175.186984;
108.721717, 174.805744;
108.548999, 175.506766;
110.236550, 170.777193;
101.831170, 176.701336;
106.441879, 172.290208;
107.926815, 174.431892;
93.988872, 174.122501;
110.870040, 175.004737;
106.414088, 172.659916;
113.409155, 169.744382;
106.191368, 171.931407;
108.566108, 170.155049;
103.309789, 179.162119;
105.429538, 173.586221;
106.333785, 175.960756;
112.184202, 171.172181;
109.328777, 175.940327;
111.453353, 170.668226;
98.280960, 177.960978;
109.335810, 169.714893;
106.151102, 171.351008;
106.416600, 174.927089;
105.555265, 173.369042;
108.099590, 174.227942;
107.954739, 170.528079;
100.581337, 173.629666;
94.205409, 174.439437;
107.905507, 174.575559;
111.085478, 170.190875;
101.203012, 175.466065;
101.815615, 176.167015;
104.273418, 172.631102;
107.595626, 175.360184;
108.926945, 172.245083;
106.670276, 171.834387;
105.969747, 173.514098;
103.965909, 173.209586;
104.879840, 176.524967;
97.360592, 174.736555;
107.233948, 170.645218;
104.733086, 176.141851;
107.844526, 170.931770;
105.501332, 175.471397;
110.216412, 170.834553;
105.531255, 171.525329;
107.925768, 177.677020;
105.719289, 175.221063;
97.003716, 175.629632;
108.585517, 175.159181;
106.471225, 172.911790;
107.381308, 173.730419;
106.438106, 172.987374;
103.133560, 178.756496;
106.611769, 172.492392;
108.565699, 176.385661;
106.262743, 171.840469;
107.254278, 172.057081;
103.785480, 173.168619;
114.706177, 169.715432;
96.898109, 174.331500;
105.094125, 172.372350;
106.467146, 172.840760;
106.005414, 175.590647;
93.712764, 174.291240;
108.836811, 175.031905;
107.698602, 175.481242;
104.683062, 172.208153;
103.795070, 178.922590;
107.255583, 172.352429;
104.990210, 173.246250;
110.058144, 174.217400;
105.721538, 170.583668;
105.206491, 173.251561;
103.940918, 171.641657;
102.761082, 174.937186;
108.930244, 174.855680;
112.448354, 177.047715;
106.448349, 173.043513;
107.037955, 172.687884;
112.330275, 170.504383;
107.687100, 171.832797;
107.204591, 174.760977;
94.659461, 174.129313;
106.439578, 172.193398;
110.779306, 170.387101;
106.598791, 172.826410;
109.304629, 176.028769;
105.647740, 175.271843;
103.881373, 172.458395;
105.629554, 173.472770;
105.192709, 172.213508;
106.124238, 172.256893;
96.107934, 178.355548;
106.225921, 175.684236;
100.203004, 177.342016;
104.629297, 176.530754;
104.201727, 171.492478;
105.874512, 172.486947;
106.185734, 172.977102;
111.744668, 176.698348;
107.673008, 171.502303;
97.414575, 174.615707;
104.712200, 173.111255;
102.303239, 176.690521;
97.323479, 174.892592;
112.115617, 170.200392;
100.625929, 175.532907;
105.994721, 173.077580;
107.396762, 175.263170;
108.531761, 176.512707;
110.193578, 170.798025;
105.995698, 172.899672;
107.158500, 172.758169;
106.651007, 171.753668;
110.647634, 170.250635;
102.915430, 178.209498;
104.532683, 178.233723;
96.046394, 177.744272;
108.843482, 174.731267;
96.398236, 178.705564;
105.599252, 172.623571;
109.403586, 172.381506;
109.251761, 173.558603;
97.348710, 174.473732;
111.946923, 171.103674;
107.532595, 172.520821;
108.436514, 173.215049;
105.681696, 175.511290;
108.825995, 172.194852;
104.396304, 173.421248;
107.223795, 172.268886;
107.323810, 174.091093;
94.887016, 173.493251;
104.050545, 175.988452;
106.662683, 172.901441;
105.925457, 173.277799;
107.445465, 173.025431;
107.011231, 171.554723;
108.680475, 176.495649;
105.475833, 171.729801;
100.470705, 178.561831;
112.862282, 169.681996;
107.764390, 177.629510;
110.613603, 171.946976;
108.923002, 173.024983;
104.752483, 177.711387;
113.592109, 169.271222;
96.306384, 174.417376;
106.504747, 171.953894;
106.281270, 172.900274;
105.448663, 175.669697;
111.945464, 170.993699;
108.906182, 170.413803;
108.467912, 174.159413;
104.594664, 176.555383;
108.727469, 172.391884;
108.190168, 174.259406;
107.038385, 172.735283;
110.316156, 170.713968;
107.499304, 171.858321;
98.588341, 174.998934;
107.136108, 170.182198;
102.220739, 177.113937;
108.797206, 175.996670;
111.007186, 172.487598;
108.741915, 173.173080;
109.749377, 170.414301;
108.902512, 173.975580;
