144.408786, 136.278118;
146.830194, 140.092958;
143.976892, 137.184261;
146.915824, 140.811880;
149.651695, 145.990152;
142.725848, 135.986724;
143.090783, 136.301669;
144.530253, 136.402011;
145.528237, 136.413730;
148.215104, 141.914972;
149.182645, 141.643146;
146.195075, 139.357175;
149.689052, 139.332087;
143.319104, 134.191022;
142.722838, 136.048195;
148.873088, 139.488820;
147.830276, 141.030551;
144.688717, 137.668552;
145.075515, 137.853768;
148.975131, 143.734645;
148.937029, 146.533787;
146.624583, 146.712300;
144.476711, 135.122404;
146.442024, 135.401843;
146.662205, 135.593833;
145.182605, 138.142518;
148.581964, 138.493899;
159.781044, 161.753307;
145.572598, 139.457115;
144.515481, 136.005241;
145.154017, 136.247414;
142.333813, 136.248997;
144.105841, 136.874567;
144.648906, 136.226728;
145.226297, 136.273127;
146.353043, 138.095462;
144.509536, 137.189379;
144.894029, 137.242551;
146.486452, 139.692372;
143.065078, 134.944235;
144.725947, 136.539559;
142.533761, 134.483154;
144.624660, 137.223440;
160.107642, 160.955716;
144.335110, 135.206060;
146.273841, 137.878517;
148.904129, 144.438059;
145.063256, 136.062588;
147.315077, 139.959904;
145.233595, 135.818901;
145.179469, 136.290237;
152.698996, 141.189631;
144.614921, 136.952043;
145.770626, 136.708918;
148.352790, 142.000676;
145.086871, 136.132338;
149.114210, 141.806859;
146.334055, 140.166242;
146.798236, 139.811480;
144.590996, 136.426206;
144.713316, 136.352665;
149.863048, 142.625196;
144.795512, 135.748241;
145.096638, 136.085729;
150.526035, 145.539694;
145.589846, 138.929162;
144.902694, 135.654159;
146.825048, 141.778335;
144.544807, 137.427790;
143.206369, 136.652125;
146.252266, 139.780855;
147.689799, 139.380499;
149.139486, 143.444878;
148.241043, 142.787783;
145.457355, 138.333729;
146.585945, 140.710358;
144.730757, 136.651035;
145.587635, 139.000063;
145.043526, 138.524160;
145.453593, 136.466579;
142.222436, 136.028844;
142.181503, 136.085506;
149.738583, 139.652452;
145.841105, 139.703919;
149.243238, 140.216280;
144.637635, 137.581255;
144.936913, 137.650424;
149.662802, 139.895302;
149.985303, 141.650149;
150.025427, 143.330594;
147.396217, 140.563716;
142.293227, 134.394583;
159.867049, 159.764316;
146.334331, 139.882759;
145.595427, 139.354053;
149.605922, 143.476676;
149.342755, 146.214284;
144.716802, 136.540575;
144.471567, 137.186648;
145.501822, 136.601757;
143.870082, 136.664326;
148.987625, 139.457542;
143.129279, 135.037580;
146.916232, 137.800962;
145.020811, 137.576118;
145.065233, 135.922014;
144.836618, 137.680907;
147.875373, 139.228821;
145.391753, 136.530395;
144.836793, 137.619812;
146.473043, 139.987987;
142.838434, 134.641451;
146.940305, 139.211409;
147.159154, 140.573595;
146.141968, 139.934474;
149.264034, 140.068730;
143.815716, 134.710752;
160.011297, 159.790386;
147.461406, 138.667976;
146.174090, 140.192275;
142.984362, 135.940481;
145.909112, 138.324026;
144.652978, 135.896124;
149.617596, 146.012791;
143.948549, 135.406738;
146.746624, 139.753306;
143.929168, 136.884660;
145.462626, 138.038051;
143.954174, 136.805674;
142.806782, 136.733515;
149.038542, 139.962161;
143.357653, 136.495593;
149.729408, 141.869602;
148.757898, 141.739216;
149.426681, 145.191479;
147.238530, 138.595242;
144.823996, 136.187068;
144.830443, 135.871741;
145.106616, 136.113320;
147.964610, 144.044798;
146.394339, 135.670410;
150.017037, 143.792458;
145.985666, 139.764734;
143.331611, 136.753298;
144.959774, 135.923146;
144.133781, 134.978757;
144.396158, 137.463752;
145.447434, 136.230385;
142.908036, 136.131233;
151.125873, 144.988947;
148.867267, 142.932619;
146.950485, 139.511944;
144.888658, 137.620696;
146.835418, 140.366089;
142.505024, 136.694607;
149.193099, 145.038020;
144.332982, 135.144636;
144.049877, 136.797016;
148.237771, 143.500697;
142.602387, 136.580185;
147.738188, 140.363914;
144.910001, 137.606477;
143.481179, 134.368891;
145.374474, 136.005597;
148.704354, 141.155754;
144.942843, 137.702513;
145.707443, 139.047925;
145.061019, 137.795639;
148.915157, 137.829284;
149.461573, 144.609379;
143.074522, 135.104513;
146.410169, 139.819498;
145.208312, 136.440760;
144.939247, 137.801907;
143.933653, 137.151777;
149.728405, 140.233328;
159.612031, 161.342997;
149.834558, 144.842166;
145.297546, 138.343614;
145.765146, 137.867110;
147.587852, 139.565224;
143.216492, 135.293630;
144.227291, 135.293576;
144.157618, 137.041705;
147.217504, 139.136896;
144.606323, 136.202452;
146.464368, 138.480226;
142.537258, 133.629861;
147.035056, 142.723767;
148.588065, 143.567657;
144.716523, 137.685651;
149.427555, 144.055465;
143.120002, 134.950165;
146.732729, 136.205515;
144.858613, 137.645478;
142.198506, 136.047261;
145.868793, 139.796747;
142.969547, 134.933334;
149.661697, 139.356958;
146.112828, 139.670477;
159.824195, 161.024729;
144.373283, 137.428292;
148.929507, 139.388000;
146.988030, 139.385325;
159.943793, 161.815431;
145.847360, 139.284108;
144.916314, 137.815559;
145.555954, 139.482177;
144.489695, 137.518550;
144.238353, 135.991761;
144.107599, 137.087712;
148.963891, 139.573344;
144.379514, 137.461529;
144.778583, 136.643235;
148.636737, 143.701154;
148.997851, 145.696756;
146.780928, 139.403898;
146.308241, 139.836668;
149.417600, 142.871993;
142.906331, 134.893621;
144.809420, 136.403270;
142.774420, 136.587115;
146.050046, 139.838881;
159.755372, 161.407212;
144.600646, 137.660860;
145.435563, 139.278320;
146.145451, 139.216124;
147.391268, 144.568700;
142.906067, 134.084746;
148.743912, 141.478912;
144.445853, 135.177664;
145.127089, 138.646299;
149.603606, 143.062479;
143.145310, 136.261927;
145.554577, 137.793373;
145.472620, 136.430531;
144.835727, 135.341102;
145.444449, 135.825083;
151.191484, 147.205874;
151.051326, 140.371952;
149.032103, 143.664672;
142.774224, 136.706754;
147.083907, 138.605922;
149.462136, 144.280237;
144.131997, 137.392307;
149.284247, 139.238449;
144.882503, 135.919204;
144.083392, 137.035314;
144.281895, 134.878528;
154.497518, 161.737980;
148.924268, 146.027288;
149.993806, 143.029688;
149.432601, 138.872443;
146.845656, 144.491851;
144.811354, 137.921805;
150.920048, 145.123164;
142.403110, 136.557501;
146.345917, 139.818706;
158.302677, 159.596597;
146.020720, 139.493634;
142.334646, 136.206215;
145.619491, 136.703138;
145.467879, 136.412167;
145.600827, 137.962820;
152.380611, 139.840233;
142.714214, 136.722189;
149.907268, 143.834010;
145.655040, 136.325200;
146.481828, 137.052616;
149.703486, 139.633632;
145.272781, 136.408844;
144.873054, 138.368553;
142.408295, 136.478106;
147.035481, 142.393187;
144.305869, 137.225794;
147.270085, 139.674982;
145.944047, 140.029346;
143.535258, 134.623869;
144.020659, 135.063209;
145.142980, 138.100507;
145.468450, 138.829655;
143.133937, 135.007530;
146.247721, 139.593194;
144.400467, 135.229758;
145.065062, 135.288884;
145.133443, 138.566375;
145.810383, 138.865009;
149.842782, 141.564279;
146.795929, 141.077595;
148.877358, 143.850138;
145.077984, 136.429132;
159.766407, 161.572278;
149.787308, 138.720625;
144.964106, 137.815091;
145.151182, 138.644566;
144.284449, 137.050549;
159.859869, 161.082088;
146.107282, 135.018134;
148.226218, 143.371439;
146.731540, 139.800210;
147.726874, 142.511574;
144.855434, 137.768886;
143.189442, 136.692793;
146.744826, 139.839101;
147.879166, 139.320609;
146.623048, 146.621324;
144.905441, 135.270470;
149.086993, 141.575052;
142.312388, 136.133161;
148.141791, 143.526801;
146.862460, 139.115922;
145.366342, 139.209970;
148.947327, 138.851200;
148.949330, 144.021733;
149.941348, 146.356407;
145.428657, 135.425740;
144.978552, 137.772608;
144.328186, 134.996624;
145.091839, 137.697115;
148.510949, 138.459030;
145.705903, 136.077307;
143.360942, 134.622519;
145.455329, 136.537475;
145.733497, 139.010474;
149.879855, 142.633552;
151.917563, 139.886680;
143.272048, 136.616761;
145.976463, 137.871146;
145.562538, 139.006848;
144.161389, 137.083684;
147.235435, 140.630724;
147.954354, 142.824005;
149.192555, 145.120716;
145.332165, 138.540796;
144.624817, 137.653899;
149.613912, 146.000108;
144.448638, 137.262618;
149.512356, 139.352017;
148.318416, 138.497835;
149.337815, 144.198004;
144.261651, 135.165890;
147.216431, 139.696815;
142.914978, 134.877169;
146.652729, 134.631487;
146.110676, 139.646380;
143.868435, 136.895465;
148.212490, 141.841850;
145.067593, 135.976545;
144.994997, 136.112419;
149.702515, 143.986348;
149.117226, 143.457694;
145.691157, 139.287989;
143.662947, 136.993546;
145.011184, 135.927425;
148.114657, 141.584085;
145.561625, 138.738823;
145.051707, 136.176519;
145.169187, 136.108450;
149.932097, 145.336199;
150.628675, 146.201781;
149.527581, 143.863388;
146.728537, 139.112932;
144.867092, 138.093724;
153.916379, 162.300505;
148.448593, 136.654743;
146.648549, 139.315749;
144.854038, 137.765574;
143.188575, 136.782493;
145.679198, 136.431049;
144.344613, 137.084757;
146.259279, 139.618852;
145.117807, 136.217320;
144.325050, 136.376539;
148.460757, 143.243790;
149.214777, 143.465298;
144.835026, 135.718207;
146.151332, 139.948997;
145.454473, 138.456064;
149.508499, 140.655914;
148.965782, 141.510043;
145.916048, 139.725720;
146.582598, 137.292862;
146.823998, 137.627406;
145.141075, 136.025966;
143.138876, 134.948573;
149.662007, 142.870894;
145.714126, 138.159065;
143.743380, 137.034812;
142.836968, 135.941899;
144.964499, 137.636790;
146.450163, 137.164557;
144.488746, 137.307315;
143.087454, 135.158128;
145.562434, 139.000448;
145.444889, 136.303704;
150.625385, 146.356478;
149.906433, 139.673424;
147.673483, 142.464075;
146.727698, 140.090784;
148.528461, 140.133881;
148.947327, 141.550803;
144.657441, 137.578850;
147.979221, 141.993401;
147.852678, 140.410836;
145.826288, 137.884240;
144.547309, 137.386949;
148.952247, 141.933251;
149.233596, 143.404927;
145.907803, 139.127345;
145.505367, 138.263636;
145.113099, 136.056251;
144.095503, 135.192291;
147.593725, 138.728197;
145.756616, 136.570487;
149.642924, 144.916604;
159.929906, 160.977696;
145.053292, 137.843782;
144.898073, 138.144131;
146.641966, 137.445807;
146.413474, 137.763374;
145.165656, 136.374699;
144.669896, 135.257179;
143.933980, 136.804490;
146.915794, 140.545751;
147.324394, 142.244680;
148.817407, 143.316293;
159.907756, 161.636037;
146.280334, 139.778343;
144.299790, 137.163838;
145.242520, 136.913421;
151.628472, 143.006129;
143.076719, 134.982225;
146.735615, 139.614149;
146.608966, 141.605610;
142.734317, 136.039197;
143.835294, 134.779900;
145.907086, 139.672524;
144.783101, 134.919933;
147.936827, 139.427385;
146.755653, 141.008446;
150.739426, 145.340357;
143.991064, 137.159597;
144.031432, 137.072219;
145.195912, 138.526640;
143.998731, 135.127964;
148.604974, 139.503300;
143.497700, 134.500403;
143.650276, 136.896666;
146.005905, 139.710866;
142.950112, 136.189283;
146.277169, 137.818800;
145.116798, 138.608178;
144.442573, 137.148111;
143.319562, 134.198406;
148.872690, 143.564599;
146.657082, 137.384050;
145.502860, 138.077266;
149.343122, 140.869946;
148.891927, 140.095239;
146.810328, 136.707576;
143.600015, 136.866582;
149.860365, 139.502926;
143.644879, 134.559081;
144.920631, 137.596130;
145.554786, 138.340123;
148.432023, 143.810989;
144.270265, 137.171688;
145.252316, 136.334239;
144.681848, 137.654330;
142.966560, 134.864082;
149.445345, 139.402260;
144.423219, 137.554652;
144.981941, 137.835098;
145.515746, 138.379042;
142.809755, 134.436793;
143.050120, 136.395920;
149.661027, 143.342564;
142.133722, 136.050046;
144.993177, 137.818811;
148.981322, 139.076809;
146.606650, 141.104608;
145.027762, 136.159034;
144.647686, 136.383558;
145.204038, 136.270860;
144.832715, 135.866945;
145.527343, 139.473484;
145.933658, 139.699568;
144.053545, 137.047447;
144.404265, 136.208752;
144.585020, 137.622973;
143.241056, 136.758704;
149.001400, 139.485437;
148.800586, 143.760973;
145.224347, 136.714788;
142.195200, 133.863844;
148.404988, 139.811586;
148.196850, 140.746434;
145.002356, 137.666054;
159.868628, 161.670652;
144.683429, 135.756053;
144.904233, 136.264075;
146.289674, 139.909542;
146.673369, 146.794608;
160.002566, 159.736489;
150.581075, 144.662736;
149.491272, 142.383438;
147.664350, 146.200506;
146.549007, 135.332402;
146.435203, 139.928661;
145.277304, 137.042438;
149.174010, 141.593377;
143.405777, 136.709537;
145.712827, 138.027519;
145.445715, 137.882893;
148.858744, 141.270501;
146.081221, 139.049368;
143.881832, 136.845852;
148.645150, 141.811440;
147.501493, 141.074974;
143.126439, 134.035403;
149.492010, 145.769053;
148.824180, 143.444732;
149.142217, 143.661376;
148.721081, 142.895713;
146.656839, 138.885328;
145.606705, 139.220415;
147.750148, 142.743163;
144.370441, 137.467474;
148.859883, 143.553074;
149.768676, 145.933778;
151.203033, 146.666867;
146.541274, 141.231892;
145.511364, 138.564978;
148.549962, 138.298740;
149.923774, 143.132528;
143.950911, 135.317421;
148.468032, 138.352066;
143.493001, 136.597565;
149.561625, 140.327674;
145.085066, 136.298548;
145.516032, 138.179737;
146.738139, 140.353686;
143.172523, 136.484114;
150.042203, 144.299175;
149.227022, 141.644104;
146.772084, 145.556780;
142.775008, 135.972252;
143.968760, 135.099294;
143.556554, 134.635572;
148.102864, 140.218841;
147.878276, 141.234334;
146.563808, 138.751135;
144.099012, 136.794461;
148.981851, 146.197089;
147.360623, 140.875784;
148.684346, 138.600514;
144.291559, 137.349041;
145.132967, 138.613080;
148.910363, 146.625666;
143.028050, 135.168705;
145.745418, 136.899025;
149.744094, 142.977261;
144.322059, 136.131081;
146.183866, 136.953508;
148.825961, 141.344589;
144.322981, 137.027880;
148.906825, 141.710369;
159.651823, 161.510005;
148.918168, 144.854386;
143.948586, 137.037451;
142.517587, 136.267866;
149.389431, 143.335195;
147.896792, 142.562629;
142.686075, 136.580200;
145.745052, 137.238130;
145.969345, 139.809811;
145.722670, 136.578636;
144.382767, 135.145421;
143.174945, 136.828663;
148.840925, 140.349652;
143.863563, 136.989570;
159.904941, 160.906705;
143.140144, 135.008019;
142.772403, 136.463267;
145.613656, 138.885094;
146.824802, 139.778066;
144.423660, 137.429680;
145.500610, 136.664697;
146.814707, 137.981196;
145.459737, 139.224615;
143.234611, 136.522349;
146.537073, 147.070079;
147.631163, 142.014406;
144.307027, 137.232017;
144.886903, 135.918351;
142.637774, 136.535003;
146.208191, 139.821319;
145.797833, 137.021930;
145.195242, 138.654237;
146.837524, 139.806892;
