92.840456, 103.303164;
99.285936, 102.903628;
98.881606, 101.666704;
98.803055, 102.059910;
95.386473, 101.594878;
98.739922, 99.155372;
97.465366, 102.819664;
95.264129, 102.089494;
94.892968, 104.005224;
95.385646, 101.984505;
95.375813, 102.004197;
101.098239, 95.828459;
102.014843, 106.829620;
101.605087, 99.631495;
95.303051, 101.928028;
94.712265, 103.067423;
99.039586, 102.359934;
99.522455, 102.371525;
100.386697, 99.926092;
90.848385, 97.566412;
102.196490, 101.020154;
99.105813, 99.068486;
98.765963, 105.713910;
97.964475, 102.317860;
101.844786, 106.731030;
101.553742, 99.239071;
107.781070, 113.792887;
102.003312, 96.230334;
101.758256, 102.456541;
95.646085, 100.277966;
97.540779, 99.480296;
100.487783, 106.113132;
101.861620, 100.382596;
99.216854, 102.338638;
99.386922, 102.518354;
100.023598, 99.814078;
100.588415, 106.265846;
100.796869, 105.766800;
98.625445, 105.245265;
100.024836, 105.419351;
96.911942, 101.328506;
93.736030, 103.229704;
104.261569, 98.267308;
96.364409, 103.720279;
100.258988, 100.221809;
95.512414, 102.154567;
100.509070, 100.152624;
99.941147, 105.226017;
99.075669, 102.843309;
99.075692, 102.322968;
97.135397, 104.894521;
98.260236, 100.160869;
99.192323, 102.680222;
99.158607, 102.592434;
101.112186, 100.604970;
100.198328, 100.287992;
99.104775, 102.903816;
100.852044, 105.937200;
97.903314, 100.633659;
106.379106, 111.600201;
99.205081, 102.202345;
103.192446, 100.554008;
95.339578, 102.002229;
100.099250, 105.833669;
100.491798, 105.444521;
95.290262, 101.989332;
95.485455, 101.545718;
99.132179, 98.661758;
100.886593, 106.039161;
99.193509, 105.654671;
93.485198, 103.189598;
95.521711, 101.945283;
101.028840, 106.079386;
99.056666, 103.050686;
96.685039, 102.536827;
100.293064, 100.707146;
101.869400, 106.641442;
101.401896, 106.212275;
101.955388, 100.451526;
95.576850, 102.174716;
96.829450, 99.472057;
101.262379, 106.039654;
98.610706, 105.609839;
95.366366, 101.977190;
98.742958, 105.721938;
100.139843, 105.492316;
100.361125, 105.553850;
93.344202, 101.757558;
98.847421, 101.661051;
92.847921, 102.645321;
101.265852, 100.063512;
100.613259, 100.191045;
103.382392, 101.081162;
99.266221, 100.962215;
100.454577, 105.547569;
93.008642, 103.356404;
96.265629, 103.734342;
101.991492, 107.198202;
98.497622, 99.122214;
101.620773, 106.402978;
95.647757, 101.957351;
98.022578, 100.195016;
98.069248, 100.133190;
98.650821, 105.608881;
92.830456, 103.242348;
99.779318, 100.897278;
99.188909, 102.774756;
99.695398, 101.253769;
100.372013, 100.112081;
103.183913, 100.661115;
100.594138, 100.470263;
98.913243, 101.758824;
96.647686, 102.439191;
99.131449, 102.566038;
100.138571, 105.390530;
99.151925, 102.580226;
102.939980, 100.638953;
104.380028, 104.749743;
96.054987, 101.692081;
93.558805, 101.200560;
93.465948, 101.705480;
100.532691, 106.205806;
102.188278, 102.301781;
98.831469, 105.417158;
101.673642, 106.583814;
98.905665, 101.584995;
100.247604, 100.208006;
100.721892, 105.985836;
95.315613, 102.029790;
92.684842, 103.223594;
103.262967, 100.714701;
100.010115, 105.192311;
103.479467, 101.261497;
101.914401, 106.825734;
103.206008, 100.468153;
102.011046, 96.308804;
95.385983, 102.004735;
101.664088, 106.623048;
94.776075, 103.067287;
99.103838, 102.411193;
95.434409, 102.090442;
100.563518, 105.466398;
100.141645, 105.517619;
99.211033, 102.194577;
98.402889, 102.086660;
98.762549, 102.269856;
99.074016, 102.878428;
95.313119, 102.099496;
101.864747, 99.989255;
96.978175, 102.729279;
92.224819, 96.678197;
99.032711, 101.508447;
100.211394, 100.373208;
98.454179, 99.288776;
100.017194, 105.223749;
97.261333, 98.999878;
101.847233, 100.935516;
101.486058, 106.279918;
102.324561, 96.178584;
94.711384, 101.841673;
96.191037, 103.504777;
99.039462, 102.875913;
101.369456, 106.223764;
100.753686, 100.219663;
93.264524, 101.549734;
92.924163, 103.192111;
101.346408, 95.632170;
101.788619, 100.358007;
90.903900, 97.613249;
100.642862, 105.509235;
99.548008, 102.663196;
100.478924, 103.768945;
108.315317, 115.324428;
100.637885, 105.889656;
99.993135, 100.270659;
103.508533, 96.828279;
100.719283, 105.842286;
93.026604, 103.148349;
100.863386, 105.834412;
98.789828, 105.778486;
98.683433, 99.254200;
99.147954, 102.533629;
100.153548, 100.397923;
95.523694, 103.297753;
95.521734, 102.199695;
94.838261, 101.900024;
98.773643, 101.967862;
99.115613, 102.914047;
102.926588, 100.576204;
99.951726, 99.766849;
100.337482, 100.425360;
96.728767, 102.565592;
101.414128, 106.483107;
95.530166, 101.729237;
96.763891, 101.701369;
101.006216, 104.154148;
99.136886, 102.584240;
101.803892, 100.649990;
93.053173, 101.463727;
101.718469, 99.341484;
99.906867, 100.425127;
100.662846, 105.759424;
103.061626, 100.033636;
99.716985, 100.850137;
95.337489, 103.296607;
94.944522, 102.143003;
100.147412, 105.885068;
94.653180, 103.262476;
93.775687, 103.708971;
94.658875, 103.350369;
100.026187, 100.122574;
103.583378, 102.047278;
99.983135, 105.205531;
99.797656, 100.812146;
100.820887, 105.756485;
99.994602, 105.764051;
102.297279, 96.380927;
99.657371, 101.550531;
92.852257, 102.648832;
99.494589, 101.711435;
100.143814, 100.822491;
95.256777, 102.018423;
99.851046, 105.461534;
99.984356, 105.191659;
98.749145, 105.706714;
92.998932, 102.903132;
101.690626, 106.646739;
102.935617, 100.731056;
101.009147, 100.458485;
97.888520, 100.433172;
99.091723, 102.880637;
95.773794, 103.679199;
100.034638, 105.210104;
100.422188, 105.558290;
95.885965, 103.830862;
98.817310, 101.847373;
101.822875, 100.530834;
100.202617, 100.267853;
101.515013, 94.991852;
100.023879, 105.824304;
104.504537, 105.101965;
97.068447, 99.084220;
99.458002, 100.353960;
95.601639, 102.103146;
103.161980, 100.409203;
94.484557, 99.068432;
103.105406, 95.992970;
99.191645, 102.379119;
101.580730, 99.335391;
104.138456, 103.106647;
97.055029, 102.676578;
100.354311, 105.581270;
98.282912, 100.355699;
97.483118, 100.201304;
99.950752, 100.312599;
104.399099, 98.867447;
101.277762, 99.904391;
98.917956, 102.994774;
92.792775, 103.194553;
99.408304, 102.758075;
98.953792, 102.144042;
100.910764, 105.919540;
104.417846, 104.554986;
96.838199, 101.499540;
100.129039, 103.466709;
102.133623, 100.852879;
98.651403, 105.526721;
94.982152, 103.161317;
102.933332, 100.641983;
95.057329, 102.128480;
98.806492, 102.248759;
100.493568, 100.138125;
94.548691, 103.642311;
100.508446, 105.640530;
94.747761, 103.129501;
95.092841, 103.223420;
99.716803, 105.656797;
100.254859, 100.440710;
98.967452, 105.515383;
99.296936, 101.018626;
99.019315, 102.361460;
98.785277, 102.265531;
99.048582, 102.376709;
96.197759, 101.680588;
101.343709, 106.194479;
100.897234, 105.901113;
100.625561, 105.534261;
99.311053, 100.204325;
95.487655, 101.661117;
95.044326, 101.988544;
95.700610, 101.499789;
97.350055, 104.878650;
91.717018, 97.562209;
99.122884, 103.062606;
102.083075, 106.990632;
99.336720, 101.009929;
101.415549, 106.179625;
101.785266, 106.669293;
102.052755, 100.823966;
99.620866, 100.127210;
97.082927, 98.974545;
93.448164, 103.390622;
98.973953, 102.490934;
96.729270, 104.688518;
99.934797, 100.476816;
98.907877, 101.554834;
100.214514, 99.934994;
100.719757, 105.725734;
100.907818, 95.390712;
98.480977, 105.314519;
96.887879, 101.389719;
102.198778, 101.233505;
100.675905, 105.620070;
99.802876, 102.690999;
100.308023, 105.455448;
98.821986, 101.722018;
95.586412, 102.019732;
95.416180, 101.642880;
99.469756, 105.638939;
94.969525, 102.072749;
95.361121, 102.129216;
103.216708, 100.791708;
103.277231, 95.902192;
99.099979, 102.913780;
96.827956, 101.475603;
100.272368, 100.376871;
95.800251, 101.563863;
99.405985, 102.150157;
98.915011, 101.749787;
100.845332, 106.131670;
96.670320, 102.451931;
99.923526, 100.461117;
96.029336, 101.725214;
95.573678, 102.008790;
99.999311, 105.813136;
101.770853, 100.594143;
93.444331, 101.273170;
101.216531, 99.909407;
99.193157, 102.541446;
100.746681, 105.860556;
95.488135, 101.670208;
101.766980, 101.822872;
100.055000, 100.235939;
100.645900, 105.686673;
102.249762, 96.112474;
100.003148, 105.156342;
99.007375, 102.352050;
99.413738, 102.403031;
98.441643, 105.143837;
101.001373, 100.242730;
93.159116, 101.587632;
96.419286, 101.592382;
98.904271, 105.467948;
100.828419, 105.986138;
100.886986, 105.879962;
99.919828, 100.574136;
94.676650, 103.977488;
90.833247, 97.588103;
101.319001, 104.079351;
94.521940, 104.003635;
95.520347, 101.541538;
95.153681, 102.050991;
100.914330, 105.961534;
102.952733, 100.571611;
101.104593, 100.312027;
97.250983, 102.766961;
98.752426, 105.356938;
100.637620, 105.810804;
94.409729, 103.473606;
99.986688, 105.734826;
99.944738, 105.286943;
94.943031, 99.287068;
98.925210, 101.465485;
100.271481, 99.694413;
93.695747, 101.721566;
103.250905, 95.729871;
99.703485, 102.421088;
100.161897, 105.290399;
96.519885, 101.477494;
100.394438, 95.715318;
96.607036, 102.043749;
103.081969, 100.499375;
100.858892, 105.989469;
96.015246, 101.655677;
98.749658, 102.181820;
100.820997, 105.800245;
96.035511, 103.925632;
99.166558, 102.831571;
100.009692, 99.860311;
101.875047, 106.751599;
95.344501, 102.036642;
99.689087, 105.713478;
98.096065, 104.978524;
94.351784, 103.993013;
93.329237, 103.025340;
98.601920, 99.121341;
96.090910, 103.438073;
100.056566, 99.869591;
96.829560, 102.712950;
95.798835, 103.747054;
101.147948, 99.901526;
100.791973, 100.113813;
99.171129, 101.258769;
101.606228, 99.281734;
101.964108, 95.798783;
100.959938, 105.996592;
102.895644, 100.701949;
98.689428, 105.617494;
99.975106, 105.223194;
96.683138, 102.214307;
100.655399, 105.517490;
100.432275, 100.174577;
92.773903, 103.116887;
99.142193, 101.035306;
102.007834, 99.847816;
92.917789, 102.744224;
95.454345, 101.661949;
102.937244, 91.291886;
98.531467, 99.312972;
99.928139, 99.653945;
103.325507, 100.125263;
95.609408, 101.593100;
96.689093, 101.835240;
95.585636, 101.913025;
100.635024, 106.120660;
101.778305, 102.187722;
103.205740, 99.786210;
102.531305, 100.376257;
93.527374, 103.227897;
97.832001, 102.933820;
97.917242, 100.328884;
100.722838, 105.929836;
96.660767, 101.895268;
99.203319, 102.649673;
98.644705, 99.642500;
103.030978, 100.562892;
101.626392, 95.093679;
101.518540, 95.819970;
99.692746, 102.575145;
97.992280, 99.838826;
98.911701, 101.474794;
104.261215, 103.279584;
97.350380, 100.214157;
101.603308, 106.918998;
100.224193, 100.548358;
100.392347, 105.543274;
101.055391, 95.499522;
101.006994, 105.963074;
94.771987, 101.830029;
92.643369, 103.192635;
99.918983, 105.632468;
95.913300, 99.466302;
98.744220, 105.658014;
101.796717, 106.790328;
96.685572, 102.132358;
101.805100, 102.039876;
93.009092, 102.754279;
98.964200, 102.339532;
96.192076, 99.517746;
95.872275, 103.815031;
94.666709, 103.348375;
101.616253, 100.477420;
100.833028, 105.743502;
96.721036, 99.922009;
96.548226, 104.045782;
95.651355, 101.962666;
97.397130, 100.004686;
100.388372, 100.135203;
98.027584, 99.439255;
99.524485, 100.900746;
99.990541, 99.957439;
100.335339, 100.223549;
101.997779, 102.069247;
102.921343, 100.645602;
100.439593, 100.100677;
99.818803, 105.393089;
95.563194, 101.508616;
99.989363, 100.249364;
98.755248, 105.724485;
100.899584, 105.962075;
98.946336, 98.699976;
98.769860, 98.979356;
101.255195, 99.819886;
99.113480, 102.857387;
98.796402, 102.360596;
101.853197, 106.505948;
101.910383, 100.906965;
96.621660, 102.082256;
100.924545, 100.210765;
99.195380, 102.592483;
99.402334, 105.701657;
98.706348, 102.153644;
99.246916, 102.404881;
99.947639, 100.418476;
98.675519, 102.372116;
94.836357, 99.709547;
102.002923, 101.051548;
101.992264, 99.948484;
98.713016, 105.634399;
99.927311, 105.615497;
99.304998, 102.952028;
99.212736, 101.139841;
102.308600, 107.156014;
94.580180, 102.189746;
94.722915, 101.815974;
100.163450, 105.653300;
101.281892, 96.058718;
96.287347, 101.642074;
98.923963, 102.155003;
98.659675, 105.565221;
98.432844, 105.189383;
98.467857, 99.403896;
96.605006, 99.792087;
104.760291, 104.367690;
96.728497, 102.171080;
98.880216, 101.557886;
98.730857, 102.337244;
100.326276, 100.010517;
101.245244, 101.236853;
92.897631, 102.849788;
101.276128, 100.128425;
101.254265, 99.689624;
92.671129, 103.288654;
92.973683, 103.207854;
96.891154, 101.342337;
101.456964, 106.416505;
100.717013, 100.212771;
95.387333, 101.541374;
91.297087, 97.765481;
94.723056, 103.099710;
96.669125, 102.347840;
100.197211, 105.724940;
99.202560, 101.005168;
103.514470, 100.956809;
99.335770, 102.933442;
93.761136, 103.344783;
102.324615, 100.376669;
99.132244, 102.826194;
101.209446, 99.661359;
101.803989, 100.489334;
96.803934, 104.692862;
95.564176, 102.254323;
105.067326, 100.100187;
99.978389, 105.390391;
100.681413, 100.140648;
99.870363, 103.102410;
96.709845, 101.575066;
103.185020, 100.494812;
99.952461, 105.142330;
103.901860, 102.737826;
100.865673, 105.970183;
95.585086, 101.641634;
98.948270, 102.385821;
95.216739, 103.315929;
101.428385, 99.383506;
101.654213, 106.738254;
103.266873, 100.759110;
99.259484, 102.400365;
99.887399, 103.029439;
103.199803, 99.907961;
98.873794, 99.045826;
101.017237, 106.176319;
103.036969, 100.477624;
102.201627, 96.117365;
98.561943, 105.606789;
94.754740, 103.085391;
95.479355, 101.754859;
99.174518, 102.524359;
100.035265, 105.257653;
95.313871, 101.911174;
103.667281, 102.430001;
98.984362, 102.323010;
103.890305, 102.846672;
99.133686, 102.867530;
103.156483, 100.639197;
100.693508, 100.481921;
100.444083, 105.375372;
98.636040, 105.583586;
95.920962, 101.580635;
99.020929, 102.365274;
100.104221, 105.283421;
97.374504, 100.049403;
99.247992, 102.614208;
98.830299, 102.143886;
101.840923, 107.384301;
100.038841, 105.302111;
97.927533, 99.863179;
100.832773, 105.947096;
96.777813, 99.898101;
99.048548, 101.422462;
94.086097, 101.885133;
96.482946, 101.591110;
101.287856, 99.735513;
99.157437, 101.328409;
101.297819, 99.735823;
99.201738, 102.688272;
92.915728, 102.810764;
99.932344, 105.157568;
100.388100, 105.622042;
99.296543, 102.690689;
