103.801347, 118.584880;
105.049401, 121.856193;
97.354163, 107.918592;
105.918939, 119.374475;
98.331886, 107.014832;
102.660926, 112.929543;
103.372051, 118.939120;
110.813760, 111.906162;
109.771401, 110.639164;
106.268033, 119.064173;
100.811887, 121.296294;
100.233692, 108.048786;
102.843516, 108.660912;
109.262908, 113.610747;
102.747408, 106.405461;
103.105812, 108.553351;
105.569635, 126.703670;
108.952062, 120.790372;
104.073284, 107.751084;
104.451143, 114.536431;
103.850281, 107.304017;
105.065572, 117.739761;
104.807960, 117.083696;
98.271826, 108.347939;
104.243323, 107.653512;
98.662765, 107.073412;
101.944916, 109.287742;
103.876565, 119.610430;
97.445260, 105.699440;
114.400755, 116.491950;
102.634227, 109.191003;
105.793133, 116.278203;
103.322860, 107.244373;
103.599443, 109.041601;
108.945747, 113.534013;
105.248101, 123.016502;
104.704101, 126.508899;
106.652205, 118.797671;
100.435367, 118.656628;
104.869757, 115.799823;
102.710533, 108.548526;
101.479607, 111.189106;
105.088113, 108.410998;
102.635157, 109.041728;
103.273697, 107.360771;
105.947065, 111.757551;
102.535641, 111.983919;
109.818650, 110.873719;
104.257640, 107.771554;
101.357004, 119.982209;
106.125479, 124.247670;
102.628304, 106.200738;
103.646620, 107.282397;
105.388138, 123.853722;
105.384394, 116.296637;
106.003734, 105.948816;
109.992814, 110.772584;
103.578740, 119.592058;
105.086206, 122.931419;
99.373274, 108.780227;
103.900902, 114.202979;
100.650199, 108.141497;
97.616856, 108.182079;
104.737845, 107.470254;
111.275460, 111.559874;
107.721332, 119.388056;
102.388287, 110.481707;
106.117082, 119.100881;
108.857298, 114.229800;
103.203165, 107.977748;
102.384433, 106.038893;
100.175367, 118.272072;
105.548976, 126.254644;
102.373861, 105.765282;
105.755939, 126.602447;
102.617955, 106.554740;
104.816961, 107.469935;
99.992710, 107.877340;
105.572124, 126.523998;
103.637943, 114.268983;
106.616012, 111.221027;
102.520768, 110.637147;
103.047345, 111.050804;
101.401178, 122.511414;
106.626782, 113.563224;
102.863902, 108.901260;
105.041464, 120.751393;
101.582203, 108.249985;
104.979653, 117.640952;
108.410241, 121.146100;
112.699671, 115.721531;
104.783393, 118.456742;
103.387952, 119.585971;
102.712058, 111.880313;
102.372484, 110.300195;
100.255176, 107.311383;
103.891308, 113.424568;
104.152423, 107.943312;
103.078389, 108.601834;
102.568904, 111.070607;
104.299135, 107.999906;
104.094657, 107.899040;
97.707422, 105.579711;
105.995495, 123.245186;
103.385022, 108.249929;
104.785297, 107.590638;
104.760929, 107.574524;
103.525158, 107.265734;
108.425519, 127.909882;
108.945794, 113.565079;
105.177373, 106.935278;
103.014226, 107.883846;
103.284555, 108.111358;
102.456726, 111.086561;
99.197642, 107.525939;
101.908277, 110.458958;
103.173275, 107.454972;
103.594424, 107.548022;
102.309364, 109.564857;
102.368671, 106.176744;
104.390552, 110.335589;
106.529763, 119.456324;
100.810328, 107.724335;
105.708453, 127.019301;
109.813185, 113.999115;
106.323635, 108.518502;
103.833213, 114.053539;
112.373642, 116.491758;
106.053426, 111.366306;
103.444890, 107.478420;
103.378912, 107.321618;
102.621456, 111.179640;
97.326821, 107.967399;
102.540869, 106.105744;
103.446835, 108.736597;
104.790502, 120.049594;
103.447896, 118.729606;
104.398103, 122.091951;
103.358539, 108.281270;
102.899028, 106.598513;
103.896270, 107.328304;
103.411173, 118.984740;
102.766490, 109.157995;
104.215369, 107.802877;
102.915583, 108.824778;
108.993391, 114.037828;
106.594436, 120.058700;
113.097545, 116.917692;
99.076452, 107.319863;
101.730242, 122.455464;
99.353162, 108.728994;
101.982744, 113.068534;
106.076455, 117.842399;
106.589607, 119.713351;
102.015749, 110.358304;
99.499966, 106.561092;
98.226895, 106.308808;
112.892415, 117.470136;
103.442010, 118.991624;
106.419897, 106.445088;
103.412459, 107.628440;
98.727287, 108.460748;
106.237472, 126.675866;
105.015639, 122.896656;
103.463602, 112.227233;
103.021853, 107.432576;
105.475217, 122.342234;
98.516419, 105.750632;
103.843330, 107.469405;
102.656586, 108.831255;
102.391984, 108.644713;
108.948673, 113.625697;
100.992250, 121.459746;
102.333297, 112.039937;
104.194951, 107.741580;
104.825889, 107.561309;
103.820716, 112.495511;
103.968916, 107.527354;
104.257211, 107.784415;
103.465773, 119.732685;
97.625620, 107.849846;
104.880630, 107.524181;
107.981912, 113.332453;
101.060622, 109.056358;
102.765092, 114.038208;
112.720848, 115.003484;
99.083644, 108.663386;
106.206546, 122.511443;
106.446516, 119.292634;
105.287857, 106.337488;
102.295007, 118.152245;
105.325743, 122.197447;
106.366103, 110.888283;
104.997563, 122.741891;
103.238795, 113.575067;
102.639574, 110.637305;
107.524417, 116.975421;
109.043176, 122.146012;
104.721737, 107.534479;
102.701857, 109.112835;
106.427481, 111.211912;
105.263212, 121.358520;
108.865647, 113.478482;
104.954840, 108.529327;
101.128300, 107.962932;
99.962077, 108.670911;
104.374636, 114.620580;
103.990532, 107.696361;
102.834040, 109.697558;
103.078561, 107.409999;
103.041773, 108.814890;
104.926074, 123.051099;
106.620110, 110.597972;
104.997499, 121.683286;
105.862701, 115.355354;
104.278304, 107.813734;
103.621899, 117.738575;
102.656882, 109.148858;
103.489637, 125.687615;
103.817206, 107.488303;
103.395885, 115.502603;
105.143161, 121.570030;
104.311010, 107.737677;
97.504799, 108.307359;
106.010192, 118.860621;
102.329737, 108.882844;
105.202645, 123.263699;
103.985143, 107.526294;
106.557855, 129.254288;
104.198725, 118.855604;
104.711170, 120.510825;
104.810385, 107.937917;
103.025289, 107.163770;
110.327297, 111.588971;
103.861868, 107.016086;
101.407969, 109.997840;
103.208693, 107.370959;
101.286909, 108.280736;
104.778944, 118.745022;
103.467606, 106.570451;
103.849616, 107.728084;
104.176453, 107.984657;
102.964401, 110.245128;
105.010204, 115.858850;
102.195348, 109.027144;
102.587191, 109.309840;
106.849526, 115.585251;
97.308796, 107.788915;
102.217675, 110.419675;
105.211730, 122.627944;
101.146596, 108.398793;
105.816449, 123.321096;
103.921740, 107.660205;
103.170905, 107.418458;
109.761445, 110.394471;
110.645099, 113.220264;
105.631257, 116.940666;
104.499010, 122.044273;
102.992232, 108.895197;
104.858406, 115.387421;
105.129311, 123.238827;
104.268848, 115.765788;
105.188295, 122.930876;
103.952033, 108.242586;
105.320455, 118.362922;
102.585961, 109.834662;
99.900198, 108.168663;
102.878259, 111.260099;
103.433440, 107.682778;
102.746661, 109.124893;
104.539150, 118.397831;
104.111464, 107.811732;
98.523847, 108.750392;
103.239451, 118.753600;
104.823768, 115.147123;
104.406414, 122.538440;
103.908621, 113.334508;
98.666809, 108.773562;
103.605498, 114.404013;
104.429066, 110.341548;
106.117006, 123.399687;
109.891820, 110.667265;
103.123908, 107.437570;
102.502122, 111.852947;
102.015823, 108.800355;
103.897440, 114.965864;
100.193586, 118.400933;
104.386885, 110.370651;
97.216060, 107.762486;
113.223379, 117.334900;
101.661968, 109.154946;
102.746681, 109.525621;
105.262743, 122.881298;
102.335913, 109.444548;
110.357573, 112.925245;
103.705450, 107.381202;
102.521357, 110.787413;
104.945525, 121.794144;
104.833941, 107.361573;
114.125564, 118.420694;
108.914159, 114.624778;
105.242652, 121.903491;
108.235117, 111.682678;
102.080768, 113.395092;
102.614044, 108.901660;
105.454064, 116.959227;
112.057231, 116.670395;
103.733688, 117.214025;
105.023905, 110.052488;
103.958443, 113.927907;
98.904049, 108.822462;
99.773222, 107.189589;
100.028215, 108.242956;
104.105871, 107.846876;
102.543662, 108.639484;
103.438672, 108.523239;
105.636016, 123.638207;
103.427042, 118.937967;
102.537449, 110.670356;
107.224119, 110.643093;
104.981728, 118.722323;
104.855912, 105.925885;
102.685562, 106.363864;
104.956335, 122.674945;
103.036030, 109.103267;
98.706799, 106.373159;
102.968560, 110.375554;
103.661658, 108.030116;
105.002958, 122.113451;
104.097277, 115.249980;
97.563504, 107.974823;
103.582324, 114.376088;
102.856047, 112.460357;
102.319248, 110.297660;
105.782855, 118.785970;
103.664291, 114.278680;
100.401006, 106.933576;
102.868282, 113.262457;
104.820392, 119.616387;
103.480265, 107.689148;
101.442113, 119.107767;
106.568199, 119.486517;
110.915890, 111.551000;
97.651525, 108.371130;
99.046436, 106.371285;
102.550304, 112.860410;
105.793420, 110.874992;
107.110506, 113.613375;
101.663255, 108.356869;
106.965269, 113.684072;
99.023093, 108.647986;
104.005473, 107.719375;
97.663521, 108.030496;
104.047868, 107.807432;
97.675776, 108.052349;
102.894923, 110.300839;
103.702548, 114.372464;
104.304459, 107.705637;
117.002800, 118.567012;
102.970051, 106.671703;
104.870256, 122.644558;
100.243134, 107.410312;
103.029110, 113.918674;
99.726816, 106.873318;
103.436889, 107.515657;
102.285995, 109.964519;
101.301186, 108.477768;
98.970280, 107.631418;
98.752879, 107.611916;
104.231017, 107.513573;
106.208608, 119.077518;
112.370535, 116.806273;
109.861730, 110.780378;
103.812776, 106.912487;
103.255726, 107.456052;
103.328038, 107.143795;
105.244586, 107.581360;
102.792254, 111.478003;
97.716541, 108.019260;
103.412515, 127.053052;
104.407372, 104.256405;
103.592485, 106.366024;
105.076827, 107.425680;
104.105385, 107.978628;
103.075220, 115.158566;
103.314558, 107.218984;
101.520643, 108.602303;
105.842052, 105.645950;
99.073605, 108.548611;
104.968019, 120.936578;
113.371859, 116.606160;
102.520801, 108.778433;
104.300929, 107.594312;
104.377659, 107.778003;
108.907625, 113.901027;
103.340976, 108.171692;
104.815077, 106.227488;
106.271538, 107.167306;
107.349369, 112.809492;
102.019618, 122.483632;
103.678764, 107.336643;
111.570888, 112.102588;
99.308763, 108.695782;
111.808423, 112.158303;
102.927016, 110.150694;
106.000353, 119.169122;
103.989804, 107.657553;
99.373246, 107.116434;
102.540041, 109.170990;
106.672515, 119.400799;
103.983321, 107.732483;
104.793086, 108.553267;
102.364899, 106.019936;
105.039281, 108.563125;
102.367760, 111.138452;
105.333563, 121.827755;
103.033768, 108.418398;
97.968969, 107.825115;
102.711266, 106.317261;
105.899092, 125.611622;
102.448902, 110.243642;
101.003776, 120.808916;
102.294186, 120.375333;
103.696029, 107.465971;
103.917946, 108.243711;
105.722771, 124.899598;
103.494680, 127.344400;
105.124119, 121.131631;
98.097676, 106.874980;
104.643084, 119.841970;
105.453678, 125.076624;
108.886318, 114.514097;
104.668402, 122.068605;
104.567063, 116.229367;
101.895984, 122.610782;
105.289437, 121.875597;
99.578925, 108.933977;
97.834268, 107.988257;
111.429415, 117.196933;
103.524447, 105.739345;
102.445473, 112.841245;
97.585433, 108.364344;
103.677197, 119.015560;
105.063646, 123.799886;
104.641667, 114.663798;
103.221749, 107.042125;
108.322187, 110.814731;
109.759360, 111.499127;
102.499039, 110.167202;
103.707557, 107.337083;
103.869741, 107.627865;
104.796842, 106.584067;
103.334672, 108.260122;
101.571894, 108.273608;
111.591545, 114.737307;
97.490837, 107.856707;
101.256530, 108.878786;
102.465381, 110.825262;
104.285496, 119.464812;
103.497205, 107.454819;
106.919107, 113.771051;
98.250264, 105.825012;
100.907633, 108.570001;
103.983178, 107.876104;
102.590218, 108.959148;
102.960858, 108.696869;
102.961931, 108.683428;
104.024855, 116.996744;
100.540197, 118.310320;
105.307729, 116.304385;
103.432036, 113.843721;
98.721137, 108.835126;
97.596086, 108.235272;
105.444969, 108.390533;
101.437625, 122.074211;
106.596673, 111.216723;
104.760242, 107.684651;
98.681778, 108.386638;
103.025521, 109.013586;
105.106433, 106.870371;
103.284342, 107.231235;
106.896163, 113.809270;
103.765361, 106.729894;
107.206879, 113.448854;
106.267622, 109.418304;
113.355343, 116.763194;
103.575495, 107.792803;
102.766951, 110.726039;
104.930572, 107.203842;
98.319620, 106.833167;
99.275540, 107.216112;
98.741987, 108.933436;
103.949706, 119.590802;
102.392537, 108.546358;
105.257407, 122.696406;
98.446422, 108.702690;
106.006993, 113.099849;
104.102262, 119.105555;
104.286045, 104.469173;
103.872299, 107.299903;
103.996136, 112.247706;
108.698564, 113.571031;
102.936037, 108.702565;
102.507308, 110.583138;
104.046661, 114.837823;
111.837333, 116.054516;
102.329280, 108.754310;
103.917097, 110.040130;
108.534028, 110.661483;
98.587406, 108.747300;
102.032800, 108.779894;
116.693900, 117.826726;
110.726479, 115.063027;
109.054194, 111.993758;
104.599724, 107.198307;
104.487857, 114.823783;
103.704099, 109.172998;
103.492254, 108.544133;
104.524593, 112.077051;
103.453411, 107.585208;
103.851606, 114.733236;
101.751211, 110.234169;
104.392236, 107.979249;
105.983707, 119.481793;
105.033518, 106.613091;
103.931856, 107.139198;
113.870706, 118.405309;
103.531707, 107.399363;
102.804561, 121.563235;
103.726842, 113.965936;
103.653006, 109.476551;
105.683107, 115.353710;
102.971483, 112.566676;
105.050688, 117.633738;
106.507941, 110.292858;
98.658905, 106.800695;
103.342354, 108.552279;
105.478495, 107.084681;
106.658441, 127.094051;
105.132665, 107.454985;
97.516213, 107.981113;
105.377179, 112.157407;
104.794264, 108.582927;
104.333595, 107.808605;
104.841289, 115.002961;
104.923287, 118.574183;
105.228702, 121.621395;
102.619284, 108.660762;
103.218753, 120.195655;
103.177690, 125.719855;
106.853546, 113.781460;
104.156255, 115.078912;
105.366155, 122.591227;
111.621656, 111.846264;
97.907204, 106.698358;
111.722895, 112.158165;
102.797804, 109.172172;
103.314641, 108.150760;
99.080710, 107.289056;
104.017291, 119.140452;
105.618970, 124.100132;
106.173183, 106.052412;
105.017915, 123.995752;
105.842888, 123.583516;
109.803887, 110.527570;
104.429688, 119.792294;
98.973842, 107.243372;
103.168098, 107.527143;
100.133735, 107.954748;
106.204629, 126.876644;
102.356154, 110.316528;
106.284160, 125.427126;
104.025159, 111.931152;
103.556370, 115.244095;
101.516478, 110.209947;
103.426450, 106.900260;
103.947181, 104.089677;
103.894506, 108.046914;
104.963561, 121.331569;
103.853422, 118.790191;
103.871317, 107.747975;
105.123043, 121.595605;
104.340504, 109.859808;
102.563772, 106.394691;
105.023588, 106.572865;
106.074550, 120.153826;
102.400474, 106.279456;
97.702426, 108.133110;
98.444704, 107.008449;
102.781810, 109.097167;
101.521281, 108.697395;
104.325505, 106.921158;
101.261628, 121.745392;
105.235815, 123.082216;
102.729310, 106.454379;
103.649071, 107.947961;
105.074072, 122.951547;
102.584911, 109.506824;
103.856335, 107.443206;
102.913377, 106.728424;
