142.142780, 155.664526;
146.286612, 153.028596;
145.521660, 149.026185;
146.329880, 151.218293;
143.523280, 145.543184;
141.307674, 153.306049;
149.014938, 143.877160;
140.327265, 146.269488;
143.741567, 156.090635;
140.168501, 145.636627;
140.838169, 146.338255;
147.603320, 161.764061;
150.263186, 162.266933;
148.128157, 157.909637;
141.514222, 147.239383;
144.346487, 155.831725;
148.309625, 152.121203;
148.187001, 152.636695;
145.454792, 154.757971;
142.533632, 158.076335;
148.346353, 157.280883;
144.941983, 154.937048;
144.963048, 153.512390;
149.660761, 145.271537;
155.505889, 158.979093;
147.927373, 157.986541;
152.219670, 153.945473;
148.449386, 157.260960;
155.016119, 160.284993;
145.394154, 156.548379;
141.969705, 151.789044;
146.882288, 153.666704;
148.241279, 157.522892;
148.397799, 152.073287;
148.192915, 144.681897;
144.529289, 152.526767;
146.917212, 155.077206;
152.136356, 154.539794;
144.216098, 152.763356;
143.711932, 150.560379;
149.631998, 154.620001;
143.113041, 157.209763;
152.184447, 153.560040;
142.078753, 154.956083;
146.598408, 161.090553;
142.658011, 149.072604;
145.675212, 153.715671;
145.358724, 151.323135;
146.613133, 153.131240;
148.285749, 152.543482;
142.480643, 156.049374;
141.268262, 159.610961;
148.447312, 155.916653;
148.532176, 155.308225;
147.103472, 158.269982;
146.114003, 159.533994;
146.657813, 152.434560;
152.091282, 156.885936;
141.309388, 153.166806;
152.134357, 155.408120;
145.700603, 150.602593;
146.566328, 156.522079;
142.578925, 148.458897;
143.404930, 150.737645;
153.963790, 155.220701;
140.224973, 146.030818;
144.398835, 146.495857;
145.033595, 155.102187;
152.209488, 155.257869;
141.879028, 150.637949;
143.075415, 157.285340;
141.436002, 145.963311;
153.132988, 155.138964;
147.185584, 151.272682;
147.876554, 142.103388;
146.380288, 161.503746;
157.186890, 161.312869;
157.001430, 160.522613;
148.555339, 157.236935;
141.357749, 147.095585;
142.085100, 152.376072;
152.940985, 155.170083;
143.245605, 156.705677;
141.032353, 146.703707;
145.091199, 155.068746;
149.423261, 152.666928;
148.721720, 151.835008;
137.993153, 146.313528;
145.871068, 148.518849;
142.634511, 157.173052;
147.396669, 157.561294;
145.635555, 153.464600;
148.385177, 155.898454;
147.704042, 158.259284;
151.366805, 153.646360;
143.218545, 156.077335;
144.178476, 153.686051;
151.899846, 160.557881;
141.249814, 153.560568;
151.330965, 161.613843;
141.865394, 149.085283;
141.838510, 152.120491;
141.906895, 151.889108;
145.131943, 153.533040;
141.951977, 155.468554;
146.862373, 161.041390;
147.485276, 153.032716;
147.309408, 160.068934;
146.653663, 160.955869;
147.936778, 156.436988;
147.490479, 160.283043;
145.265449, 149.131937;
147.540811, 142.019217;
147.688839, 154.390203;
144.738061, 150.651142;
148.563557, 155.521589;
146.498210, 155.564879;
151.061528, 155.510058;
146.357029, 149.669841;
140.168715, 149.319931;
137.857168, 145.939074;
146.405710, 153.621523;
150.083432, 161.940220;
142.643708, 150.763658;
156.149277, 160.239903;
146.749470, 149.707892;
146.656528, 161.019743;
147.307311, 155.190856;
140.006244, 145.683776;
143.008412, 155.520324;
146.386099, 155.814328;
146.423191, 151.686238;
148.514633, 155.516198;
154.207788, 161.791416;
147.361353, 156.905073;
148.449019, 157.206121;
140.430941, 145.889707;
154.625714, 158.602765;
144.625437, 155.292828;
148.690678, 145.169223;
142.595458, 148.688916;
151.454080, 153.994638;
144.107661, 150.066598;
145.752205, 150.587435;
149.601249, 144.913107;
146.395764, 151.326185;
146.509872, 153.150481;
139.949046, 145.542440;
148.243659, 157.611243;
148.069314, 141.390084;
144.562793, 156.066745;
149.769687, 157.877385;
146.086276, 160.260170;
144.345288, 153.997141;
147.504086, 151.707544;
142.021632, 151.903327;
148.291582, 157.508522;
158.135841, 165.411666;
148.348259, 157.188315;
139.768654, 146.179792;
142.340064, 154.553252;
146.959279, 152.307460;
157.599149, 161.093586;
147.102548, 158.962796;
138.631482, 147.816940;
141.508366, 154.450280;
147.226454, 157.897575;
148.518388, 157.184121;
143.565205, 158.213163;
151.663037, 154.201527;
146.959410, 143.205522;
148.801704, 152.203368;
152.293623, 155.107536;
149.209318, 152.674387;
144.118268, 154.521102;
148.970891, 155.652378;
152.344243, 157.005147;
143.278396, 155.775949;
152.457716, 154.654410;
144.907437, 154.296877;
144.824993, 154.683312;
148.130658, 156.927700;
146.506723, 161.161170;
146.704295, 155.180228;
142.689342, 150.009412;
140.306355, 146.088631;
146.238799, 151.032194;
146.396544, 152.507913;
148.325756, 157.294240;
144.286740, 152.974618;
147.793668, 161.657889;
148.023240, 141.921545;
155.615829, 159.567606;
142.571986, 144.752563;
150.754672, 149.983395;
148.769004, 152.837443;
147.702664, 155.321496;
148.354584, 156.963644;
138.235448, 147.199616;
148.195591, 157.764307;
143.734200, 155.324212;
151.407864, 153.989985;
146.446403, 156.269220;
146.807362, 160.347897;
146.423293, 155.098597;
138.629279, 145.622408;
143.173385, 150.890780;
144.013769, 155.919557;
143.609192, 156.876677;
143.974275, 155.883398;
144.110277, 158.683091;
149.250715, 155.850834;
146.549034, 151.285867;
146.695346, 160.957880;
154.194716, 155.184575;
143.397243, 151.111139;
148.368492, 157.303232;
148.368813, 157.898325;
142.575313, 156.825778;
148.247126, 154.450699;
144.076860, 160.323873;
140.386830, 146.211876;
143.154434, 150.039217;
145.172316, 151.180788;
144.560643, 156.478170;
142.671154, 156.265636;
154.402358, 160.146142;
146.257868, 155.820500;
147.076866, 158.365340;
141.534013, 152.381180;
146.705030, 144.512977;
146.940248, 154.866030;
151.402265, 153.742041;
151.213799, 153.430929;
146.494234, 154.315361;
145.687467, 150.271961;
148.375039, 157.037343;
146.540915, 161.126791;
147.962571, 157.878943;
143.172939, 151.061602;
151.667513, 156.266585;
142.077894, 151.975399;
141.667697, 159.582905;
142.340733, 149.800751;
147.804550, 156.787029;
145.020089, 156.454582;
148.154128, 157.056717;
145.878594, 150.712368;
147.848422, 157.726634;
149.954775, 155.375984;
148.074445, 141.572576;
149.353371, 152.808852;
141.207963, 153.503851;
141.008238, 159.413855;
143.792030, 156.052385;
150.727824, 155.482967;
147.453694, 157.566651;
147.485817, 147.017358;
142.094521, 155.738373;
146.343331, 143.498051;
148.324956, 151.997961;
153.141252, 156.934394;
150.828039, 155.455303;
149.132591, 154.823756;
148.823388, 152.048350;
148.486605, 157.363752;
145.114595, 153.502540;
145.245633, 155.586432;
146.616714, 156.010443;
139.002223, 145.359579;
146.352933, 151.338625;
145.160671, 152.899683;
143.698319, 156.325676;
151.388219, 153.990632;
144.875734, 155.036723;
145.355853, 155.575301;
142.697775, 150.546030;
144.167716, 159.836624;
142.157172, 150.314785;
147.458899, 158.496862;
145.969338, 150.819802;
145.914354, 150.263133;
148.299762, 151.906041;
147.829299, 153.797884;
156.508890, 160.245828;
153.950732, 154.972239;
154.208202, 155.376786;
141.385564, 159.666816;
142.376269, 144.429241;
140.347920, 145.979622;
144.742251, 146.842484;
142.776330, 156.344191;
144.341473, 157.230881;
147.493714, 149.856437;
150.331331, 160.509710;
147.152158, 159.897642;
154.776805, 160.136874;
150.816072, 162.269219;
148.353450, 157.153101;
142.141842, 159.841626;
142.016432, 151.843514;
143.553329, 156.967081;
147.241548, 153.643623;
142.285933, 155.656290;
143.852774, 154.567167;
149.857779, 158.139617;
144.490385, 152.322984;
152.435508, 154.150969;
147.747304, 162.261449;
145.033525, 153.577435;
149.318884, 154.627029;
148.291070, 157.267138;
151.949985, 154.422062;
148.474830, 153.010769;
151.403339, 153.838313;
145.156065, 149.486937;
141.345090, 146.407606;
143.663222, 145.728474;
142.507581, 151.091675;
139.496549, 146.027601;
140.157675, 145.756975;
148.362656, 156.263845;
147.054664, 155.757572;
146.841470, 152.468091;
150.899193, 153.893015;
145.890651, 160.259370;
144.909440, 146.691953;
148.143731, 152.836729;
144.959664, 148.523414;
148.225680, 155.397174;
147.822015, 142.247685;
143.739465, 155.047254;
147.027656, 151.770459;
141.568813, 148.028801;
142.973583, 150.827758;
148.337096, 156.997266;
139.458181, 148.550229;
147.461293, 157.517292;
148.254411, 157.447156;
152.242474, 156.486592;
142.695152, 144.841542;
154.257028, 158.291761;
143.442693, 160.752204;
152.679401, 156.099273;
148.378602, 157.271187;
147.377091, 151.215680;
146.018411, 151.323500;
148.354920, 151.894615;
144.590757, 153.225552;
147.308063, 161.285176;
138.126205, 146.581965;
148.256031, 154.517209;
142.062272, 150.008669;
153.616493, 155.068838;
152.999587, 154.284234;
143.725537, 154.796766;
143.550153, 156.218148;
143.036639, 158.061080;
148.846324, 152.861530;
143.506716, 156.608398;
142.528179, 144.855119;
140.304551, 146.134249;
152.932465, 154.336106;
146.264414, 155.802871;
147.446276, 161.394233;
148.035578, 141.776217;
143.690641, 151.981383;
151.258497, 153.540158;
143.806407, 155.979750;
142.733357, 150.090971;
145.811839, 151.943355;
145.487329, 156.328161;
150.244195, 158.466412;
146.058608, 158.309997;
137.816661, 145.793471;
147.211972, 155.810201;
148.221619, 152.970411;
151.413143, 153.631514;
148.618197, 154.823814;
147.792645, 161.275474;
147.295132, 142.155222;
146.645806, 155.904970;
153.122326, 157.010491;
145.619292, 147.860988;
146.353711, 151.393333;
153.027641, 154.076169;
145.498567, 153.927906;
146.253614, 152.924178;
144.295604, 153.607470;
154.610146, 157.721367;
140.086927, 145.637226;
142.551071, 150.648897;
143.181708, 156.715034;
143.556757, 156.766379;
143.034751, 157.592136;
141.953622, 153.042813;
142.965093, 154.481511;
142.553199, 160.134182;
148.064568, 141.692694;
146.762384, 155.064557;
147.352401, 157.571854;
147.024071, 161.303657;
147.770712, 152.384941;
148.177184, 157.811092;
148.258618, 157.781622;
151.851000, 154.863814;
146.157693, 155.714996;
143.753259, 157.017934;
146.017448, 151.332656;
146.589069, 141.115812;
154.148003, 155.314438;
144.783953, 152.534458;
143.319358, 155.771234;
147.860587, 153.319852;
148.482109, 157.183406;
142.191278, 156.000531;
143.341034, 145.575294;
151.994216, 153.866083;
142.930913, 152.555256;
143.912326, 160.570985;
147.325412, 155.811477;
142.395541, 145.125412;
149.546824, 146.307075;
141.764076, 148.791869;
147.099609, 155.408865;
153.793629, 155.087830;
146.326827, 156.332181;
148.317192, 157.199606;
143.419388, 157.132626;
149.576606, 145.155840;
141.733141, 152.206116;
148.707579, 153.073433;
148.494658, 143.898299;
148.303362, 154.485008;
145.207698, 155.721106;
146.394515, 155.455394;
147.829001, 157.555413;
148.038066, 157.937955;
148.115400, 152.729652;
141.890862, 151.880474;
150.239874, 158.574486;
150.462186, 155.476907;
140.765481, 158.355552;
154.038328, 159.222653;
146.444647, 161.377101;
151.355415, 153.896751;
147.694616, 162.112684;
153.027782, 154.306054;
140.153345, 146.227514;
142.330373, 155.848101;
142.961678, 150.146618;
141.199585, 157.193823;
144.951234, 153.684592;
156.141690, 160.299223;
146.179357, 141.599939;
158.448719, 163.472934;
143.032943, 157.465175;
145.930150, 151.005591;
140.957364, 158.001314;
146.391378, 154.458928;
143.858757, 155.812642;
148.521234, 157.216515;
151.802804, 154.271246;
141.667153, 154.364253;
142.081568, 155.315064;
142.065915, 149.455198;
140.753865, 158.975828;
145.949878, 160.918314;
145.436555, 156.184528;
147.000577, 160.507060;
144.183287, 153.620786;
146.638410, 160.982542;
152.839785, 161.573098;
146.245893, 155.795708;
146.194843, 161.282738;
143.188761, 149.979888;
144.612984, 146.702811;
143.998306, 157.551766;
144.913226, 154.096846;
153.284271, 154.796801;
145.118539, 155.380047;
141.250873, 153.501264;
147.491397, 157.563975;
146.374171, 153.432418;
146.416792, 151.297510;
156.997937, 160.508201;
148.359885, 156.899974;
146.715066, 142.443814;
147.227421, 161.386006;
148.410450, 154.877547;
141.746159, 150.309530;
146.316532, 151.452559;
145.781881, 150.672776;
143.671714, 154.553771;
146.349173, 150.984475;
145.439466, 156.448443;
148.331369, 157.394695;
148.556821, 157.233297;
144.230894, 156.953636;
143.054822, 150.217303;
146.434171, 153.323769;
147.865356, 152.635284;
151.152924, 161.358375;
138.286568, 145.865961;
140.192369, 146.397104;
148.818403, 152.876791;
147.138299, 158.063355;
148.090662, 154.286011;
145.747653, 150.608570;
143.968094, 157.090617;
144.914285, 153.364944;
144.733804, 154.444496;
141.514102, 155.796099;
151.902638, 156.001326;
146.199350, 141.268980;
148.049407, 153.933468;
145.914237, 150.292657;
144.569988, 152.275054;
157.837466, 164.874160;
143.092891, 156.261018;
147.259105, 157.730195;
147.524156, 157.573910;
142.616284, 156.004971;
140.932203, 153.997908;
150.170690, 154.974169;
156.351651, 160.748584;
146.858505, 161.209270;
144.285607, 146.363179;
144.052321, 158.310229;
144.474132, 155.520355;
147.262445, 142.225789;
147.696119, 152.188607;
147.893425, 156.180626;
148.689971, 155.604475;
146.408932, 143.942830;
143.313424, 157.115893;
148.339849, 157.149476;
146.518444, 153.152677;
147.551546, 157.522439;
148.439315, 157.196042;
142.348994, 155.726066;
142.573133, 150.022340;
152.126520, 155.779021;
143.363850, 150.058094;
146.679660, 160.977293;
148.806547, 152.068449;
148.918860, 155.037808;
148.118449, 156.090618;
151.349368, 153.711785;
149.610020, 155.531546;
153.424162, 155.203368;
142.676047, 145.122372;
146.297498, 152.038844;
145.895754, 155.652349;
147.731711, 157.504717;
155.488042, 159.038533;
147.603097, 156.242436;
148.192449, 152.494816;
148.687318, 152.704732;
146.869200, 155.832204;
141.251231, 153.422735;
153.416822, 157.429714;
146.357863, 156.193106;
148.411061, 157.233990;
143.558012, 156.932722;
144.766650, 155.169953;
141.556570, 145.303390;
148.434667, 155.218164;
147.116028, 151.209545;
142.238344, 147.901959;
149.433021, 155.714948;
145.917066, 150.959624;
149.918818, 155.876533;
147.193906, 152.972296;
146.381353, 155.639816;
147.757905, 162.222944;
154.076693, 155.332105;
143.633093, 157.053234;
145.128959, 146.893709;
145.793622, 150.941329;
151.329743, 153.666471;
140.807819, 159.211501;
148.151976, 154.107575;
145.815998, 150.384717;
152.992804, 155.704797;
145.735516, 151.060378;
141.930865, 151.854062;
153.589094, 157.182553;
141.783764, 153.407418;
149.366808, 157.423904;
138.019115, 145.625878;
148.498802, 154.691368;
147.550766, 157.435985;
148.958355, 156.446133;
147.605155, 157.462980;
147.798354, 153.330615;
142.589558, 157.210453;
146.879881, 151.362528;
150.138053, 152.619666;
147.982963, 153.696335;
