79.460363, 72.034994;
85.990322, 76.946783;
88.990795, 103.084693;
80.556633, 85.317928;
94.623648, 121.450274;
93.671242, 75.936373;
81.156168, 84.697885;
76.594581, 87.971876;
77.013463, 81.025540;
79.913132, 78.218972;
80.097449, 79.946266;
96.885156, 120.215468;
96.063973, 100.575884;
88.341880, 81.933950;
92.355170, 89.112637;
88.313749, 108.333055;
84.144273, 83.616926;
76.374251, 65.973610;
90.999676, 91.194864;
108.699752, 89.028132;
91.167007, 89.995149;
87.112927, 77.199412;
88.370977, 74.956342;
86.572776, 93.393847;
90.350423, 88.649214;
92.664502, 118.159082;
84.842399, 114.932550;
78.874275, 72.869120;
86.244570, 104.379539;
82.576319, 83.770737;
83.038771, 120.466024;
85.617593, 87.626207;
86.931499, 86.977062;
75.016899, 69.958765;
87.611546, 80.252584;
80.529749, 77.169995;
75.480577, 82.741146;
77.277702, 82.911024;
77.531796, 78.602874;
69.059573, 78.686640;
98.046508, 107.085228;
82.522108, 121.217066;
75.988872, 80.353890;
83.091062, 119.621733;
93.742265, 89.655748;
70.709779, 68.495391;
102.780527, 94.561541;
76.960530, 81.038509;
86.349781, 87.639095;
73.689419, 67.979259;
77.737991, 71.837190;
83.126096, 84.969409;
90.552273, 92.738340;
78.778361, 67.073357;
73.344182, 67.876591;
71.457975, 86.413336;
76.911176, 80.794843;
80.408070, 85.480079;
79.612524, 72.600450;
85.065703, 84.778247;
75.674298, 72.727677;
93.425489, 113.660597;
89.228158, 102.034110;
84.026689, 79.876187;
76.664846, 80.512649;
76.908239, 83.494855;
97.345286, 99.846023;
78.534036, 84.073916;
76.203131, 78.077305;
95.269670, 107.604551;
80.351289, 80.942612;
68.803374, 63.837215;
83.801492, 83.490840;
83.131281, 88.731225;
77.683241, 72.789156;
82.834597, 82.342577;
82.757379, 76.311076;
89.430263, 94.025988;
83.013163, 79.688027;
81.989173, 82.975067;
71.942459, 87.787341;
96.271964, 95.742251;
94.925904, 102.634377;
82.426239, 83.747285;
80.985066, 82.427093;
96.097703, 99.313289;
73.277410, 69.939456;
97.081431, 122.653498;
86.187266, 77.594122;
86.910952, 80.034645;
81.499677, 83.502390;
74.582654, 95.690403;
80.252991, 85.630372;
96.191104, 100.547869;
82.730788, 122.735854;
79.393962, 77.611514;
85.139679, 90.184766;
89.043651, 107.696234;
96.081372, 100.974313;
84.638336, 87.822581;
84.699373, 88.009012;
85.668649, 104.693997;
78.042553, 72.462606;
96.320560, 106.309700;
81.409807, 83.729819;
75.767539, 79.536743;
90.819913, 90.185972;
86.149071, 77.764468;
75.339903, 78.826165;
76.850391, 80.532586;
94.780131, 108.652098;
95.603827, 107.039027;
97.746566, 99.900144;
89.091248, 113.526209;
82.498426, 122.905288;
86.593455, 89.133223;
90.747611, 91.947506;
82.103757, 112.721753;
80.153345, 81.085595;
108.983467, 88.181879;
74.236335, 78.952410;
83.899832, 84.966054;
88.036416, 81.978534;
71.179319, 86.240111;
79.716477, 77.626405;
82.064965, 83.538568;
70.997557, 69.501784;
92.780621, 90.371322;
93.590061, 90.267628;
99.050492, 98.460928;
89.243288, 99.150062;
89.341589, 85.583851;
98.100207, 106.835577;
68.978461, 79.030994;
85.695477, 88.523312;
88.414554, 73.161296;
97.765421, 106.496034;
87.818709, 84.627566;
93.415782, 89.903076;
85.106565, 87.979169;
96.569102, 101.187249;
84.263415, 87.551807;
85.696851, 108.578367;
76.281402, 78.393484;
72.997761, 85.107335;
82.160269, 83.465196;
93.844393, 120.889660;
82.366611, 84.234147;
85.120523, 86.004277;
91.499627, 80.361417;
71.333952, 87.495913;
77.776946, 80.103892;
82.767934, 122.919171;
85.603349, 106.072418;
86.466007, 104.106558;
82.330818, 83.600016;
85.364539, 88.216844;
75.162332, 80.117528;
85.703391, 88.377459;
86.256222, 90.535453;
74.071271, 67.979778;
86.633154, 78.480616;
106.479380, 89.597750;
92.245640, 88.659742;
77.475191, 75.841804;
85.596348, 105.941247;
93.329525, 90.230532;
83.058470, 119.063047;
84.215902, 112.432589;
76.011092, 78.009726;
80.709984, 80.183871;
82.202401, 105.955143;
85.031897, 88.222877;
83.534122, 75.802860;
78.648899, 71.738937;
86.916650, 90.851598;
88.555380, 87.405179;
80.176776, 85.510373;
86.798029, 93.809545;
79.157828, 75.970381;
71.219725, 73.404402;
86.136170, 108.923961;
105.594103, 90.821953;
84.906367, 86.275501;
86.486230, 93.059083;
82.214954, 85.233402;
79.214297, 76.549159;
75.911738, 81.489886;
90.769700, 83.334335;
72.844833, 68.459076;
83.298460, 84.295222;
81.030978, 73.150950;
86.119607, 88.831893;
95.446003, 100.770187;
83.370507, 84.702272;
76.695289, 81.571730;
79.311002, 80.540488;
84.729706, 109.148511;
71.537770, 87.157520;
73.643783, 68.039653;
75.215319, 77.569638;
75.910752, 79.354742;
88.087577, 94.580125;
73.575842, 86.175070;
87.314215, 90.467777;
95.283242, 103.608274;
91.005121, 85.781840;
91.226067, 107.791597;
83.684868, 84.812777;
72.086854, 87.895771;
73.652069, 72.625308;
81.843297, 83.157340;
83.698696, 90.183662;
85.756523, 88.462423;
83.868527, 109.838946;
81.631672, 83.605748;
89.352967, 92.357885;
93.045717, 91.698381;
74.607860, 65.781180;
88.220000, 88.450775;
89.269156, 101.828504;
80.031764, 85.102472;
84.348409, 111.456849;
77.718652, 77.794409;
90.423781, 90.607521;
73.428819, 79.970779;
74.431065, 70.055466;
76.487149, 64.075298;
75.734776, 78.753961;
94.625538, 88.158376;
76.833954, 80.785344;
93.541785, 89.206182;
82.612856, 122.587422;
94.223003, 89.430372;
97.314131, 122.518982;
78.164887, 84.219924;
92.513721, 89.834941;
86.636666, 90.385856;
89.626684, 88.415243;
94.748588, 96.866360;
67.525994, 77.446168;
84.568030, 115.028174;
95.170687, 103.188961;
85.398827, 87.418532;
88.433147, 97.702245;
82.864950, 123.012336;
81.377474, 72.090518;
97.710951, 123.285515;
78.159438, 72.768670;
87.154299, 90.490679;
94.247319, 87.741800;
77.302055, 81.076203;
78.267405, 82.043104;
71.026885, 80.519753;
71.611516, 60.755811;
90.402251, 107.535077;
70.362852, 78.412529;
82.089146, 82.179675;
85.581559, 87.798335;
83.743333, 82.738649;
90.438697, 89.626441;
74.850399, 91.163122;
82.753281, 122.730312;
88.972563, 95.600518;
101.794422, 95.973576;
92.481575, 90.874165;
82.932861, 122.935445;
74.449531, 92.480786;
89.155989, 91.186200;
85.758812, 88.948077;
80.378725, 85.665983;
77.486623, 72.656241;
74.952616, 62.706575;
81.061876, 72.493919;
86.468209, 90.210052;
80.470564, 79.785507;
108.248497, 88.261525;
78.391676, 71.676623;
76.863242, 80.828850;
88.587876, 89.099713;
104.494471, 92.664533;
83.791499, 118.223293;
109.441424, 87.775735;
72.177684, 65.910954;
108.429817, 88.496071;
88.661695, 98.503116;
90.811858, 84.799080;
85.230339, 108.155985;
85.644273, 108.589155;
78.091517, 77.687305;
82.581167, 105.723693;
78.131173, 81.320945;
91.617935, 90.700557;
97.088644, 96.225018;
73.298680, 61.826864;
79.425891, 75.500700;
89.154624, 84.211362;
76.689954, 77.348414;
73.317826, 69.160661;
85.409649, 87.124507;
93.256865, 78.087685;
98.196482, 107.226683;
78.511896, 83.109176;
82.372280, 83.457123;
81.627043, 83.126228;
67.909808, 77.104768;
89.845681, 89.448115;
85.169967, 83.879737;
88.372243, 91.613491;
84.792391, 89.426813;
97.991145, 106.735892;
96.263507, 106.357516;
77.951236, 72.982653;
85.590928, 88.388864;
98.269371, 99.447773;
84.019829, 85.164691;
74.684343, 91.153157;
76.362740, 80.243263;
89.156452, 86.108958;
80.477234, 81.464298;
98.367921, 106.699921;
87.379844, 107.288799;
100.943466, 97.252229;
92.008371, 90.923051;
82.596886, 79.033785;
90.968090, 73.823701;
87.560975, 96.116982;
81.936920, 77.386111;
94.466877, 88.367184;
82.757972, 122.592864;
75.826698, 91.349859;
82.454683, 78.243031;
86.002387, 106.851896;
94.787893, 96.233644;
69.223620, 79.570879;
91.427450, 91.272024;
76.311420, 70.731437;
75.203122, 79.230919;
76.746617, 80.693929;
89.086625, 101.114984;
85.640829, 106.393929;
98.550183, 98.677984;
71.831102, 79.517767;
73.749051, 74.561297;
97.465337, 127.411727;
73.797240, 74.868450;
85.308524, 83.980644;
87.368527, 90.699539;
86.897101, 93.324242;
89.296539, 91.179726;
87.327341, 90.932962;
94.738008, 96.776591;
94.541873, 72.646737;
88.366668, 88.693534;
83.597129, 85.064138;
88.059150, 85.525699;
79.716162, 81.877642;
101.395104, 96.567064;
92.810816, 90.347635;
82.167854, 121.958705;
93.560570, 120.185669;
96.522355, 118.773717;
88.544520, 102.625385;
90.951548, 88.316475;
80.654672, 82.834239;
82.350918, 83.573823;
77.142660, 81.004621;
93.389369, 90.360402;
94.062644, 88.585318;
90.008371, 89.768642;
72.720121, 68.901016;
103.028908, 94.338411;
89.111042, 104.302838;
80.252111, 85.860676;
108.742539, 88.784234;
92.078853, 90.477805;
80.762617, 74.029790;
84.777487, 86.493471;
106.269461, 90.067574;
88.220664, 90.121729;
89.973683, 108.853495;
72.981272, 86.789559;
85.689350, 88.159778;
88.309979, 75.435663;
81.986088, 83.595185;
97.681889, 106.440111;
84.927189, 85.967322;
84.980334, 89.276406;
79.808017, 78.153995;
95.799741, 106.880493;
76.737170, 80.921132;
71.344004, 86.296253;
77.010124, 82.937657;
81.947872, 83.638566;
92.376208, 91.399510;
76.559021, 80.788574;
85.105787, 84.161559;
76.647897, 80.981404;
94.523351, 100.863264;
80.264203, 85.082683;
84.530209, 88.592468;
87.451854, 107.163427;
83.020366, 121.487728;
73.900316, 68.473912;
90.125359, 91.785834;
75.678860, 78.680130;
81.161647, 83.007769;
75.970624, 79.801207;
105.075279, 91.499047;
72.801579, 68.232725;
89.334845, 108.457728;
88.755529, 105.085252;
89.153834, 87.607221;
73.788300, 69.651814;
82.752993, 122.721644;
78.893318, 79.245294;
72.149769, 67.625708;
92.036647, 93.249035;
90.469234, 90.641515;
80.778332, 82.393132;
80.365315, 85.238845;
87.762759, 76.453404;
96.231168, 125.825071;
74.797211, 63.534545;
77.444896, 82.886067;
76.332339, 80.262302;
74.255028, 62.305575;
80.550102, 80.853093;
82.167966, 88.611350;
72.775453, 69.021032;
86.969447, 90.531747;
86.558086, 90.695243;
74.909311, 74.704883;
92.629947, 89.763863;
97.710925, 99.725771;
89.318689, 101.826065;
72.414690, 68.813907;
79.625955, 79.436280;
88.550557, 76.335536;
94.351439, 90.177197;
84.269302, 85.613112;
77.594038, 81.093333;
96.615266, 99.140861;
91.818386, 89.862739;
91.729623, 89.006828;
76.902827, 81.097620;
96.796693, 106.290548;
80.665142, 82.848868;
86.943932, 90.825479;
88.930081, 112.953667;
102.281739, 95.958768;
79.729358, 84.970243;
93.130128, 90.500181;
73.756314, 76.279994;
85.858044, 104.247905;
94.346733, 113.722856;
87.926048, 88.805135;
97.110350, 105.361863;
92.082678, 107.421852;
92.735215, 107.440746;
85.562786, 88.099136;
80.546332, 72.006756;
70.200210, 79.105967;
94.491469, 74.098123;
85.398789, 83.246984;
89.118353, 99.986240;
77.930987, 80.420035;
82.100943, 86.578276;
71.664455, 87.394011;
75.712783, 78.543744;
86.470890, 90.518475;
96.059759, 99.296471;
76.414709, 80.185513;
87.388409, 90.057433;
77.757074, 77.417942;
92.823712, 90.454823;
73.517544, 73.060915;
71.529398, 86.803186;
82.069469, 83.597992;
85.670515, 88.510350;
99.256231, 97.034539;
80.200140, 72.654197;
87.432950, 111.551034;
86.154914, 108.195239;
85.310497, 83.324756;
79.035334, 77.113964;
83.220193, 119.276055;
74.934911, 70.292758;
85.574973, 84.949861;
82.366710, 85.690386;
74.206935, 70.165426;
107.143902, 89.583725;
93.398143, 90.100345;
106.861016, 89.684970;
73.398171, 74.822637;
89.976700, 107.987211;
97.998206, 99.861750;
93.117338, 73.386481;
89.744895, 84.026993;
83.489960, 124.386316;
109.975151, 87.004760;
83.745643, 85.187557;
85.577609, 87.337448;
83.985703, 123.931493;
84.246258, 85.458607;
88.430989, 82.590572;
85.194558, 86.649964;
87.506889, 78.790013;
75.832638, 73.609965;
98.128778, 106.296237;
96.148142, 106.573135;
108.772014, 88.377844;
92.913788, 90.562607;
85.767982, 88.247705;
82.758567, 122.939246;
83.679799, 89.540912;
80.725406, 85.523167;
76.771191, 87.523536;
93.656638, 89.780927;
85.596905, 80.386997;
86.664029, 90.091779;
82.002059, 83.974592;
80.557678, 81.781398;
98.404088, 106.589763;
79.228069, 80.982581;
104.035947, 93.694246;
86.568868, 77.814668;
71.951289, 87.582416;
87.209225, 110.544050;
97.929727, 103.286558;
76.996701, 80.628917;
73.104554, 69.161143;
76.260518, 87.508041;
87.777173, 96.605613;
77.160657, 80.554289;
75.808141, 78.432135;
86.882476, 88.989030;
79.949000, 68.679911;
74.607405, 91.121722;
72.948369, 68.034001;
98.099593, 107.285957;
79.075882, 74.038807;
81.873445, 88.063569;
79.479241, 79.343855;
73.750631, 68.495104;
73.105244, 68.435976;
76.602401, 80.451901;
95.416875, 126.376723;
76.591843, 80.846640;
82.802396, 122.713901;
97.161885, 103.172256;
88.496816, 107.080485;
87.609882, 72.807831;
78.993919, 69.487644;
74.195610, 80.965674;
73.013471, 69.202673;
78.399889, 73.102109;
77.134990, 80.774787;
74.248109, 62.786792;
91.498295, 116.479907;
93.436603, 88.075940;
96.618771, 114.113636;
74.486169, 68.089169;
82.698034, 122.646778;
73.848517, 67.857645;
109.069698, 88.245633;
93.046142, 92.195608;
82.657095, 122.886684;
92.064223, 89.728081;
109.135171, 88.320015;
88.857218, 88.881541;
73.480069, 70.056482;
79.113108, 70.486459;
88.811447, 88.446432;
72.276049, 65.837077;
107.807725, 88.483770;
79.953152, 81.297926;
76.463247, 80.114727;
80.864559, 85.123116;
89.706334, 84.877688;
86.505642, 93.422963;
88.209718, 112.389738;
96.074923, 98.795330;
92.006003, 113.709273;
87.176485, 77.158864;
81.261310, 80.828956;
82.199055, 77.498255;
94.090620, 89.318503;
92.669351, 92.399588;
78.877895, 71.181697;
95.325631, 103.595475;
93.456432, 90.464040;
85.696554, 83.846783;
