91.355858, 96.247858;
98.567640, 101.271892;
93.124945, 103.386177;
93.247787, 100.756807;
94.318404, 100.056652;
94.042622, 104.347843;
93.728362, 101.273674;
81.192497, 93.003384;
86.098327, 94.928191;
92.677857, 97.706213;
96.025417, 101.888749;
98.300992, 106.856441;
94.068837, 99.334948;
94.951005, 108.883008;
97.529685, 102.926513;
84.762487, 94.896346;
96.035659, 106.856902;
94.829834, 106.022637;
87.500192, 99.820212;
94.169205, 102.588266;
97.503059, 103.461857;
86.232933, 99.295102;
92.734363, 108.741022;
89.949106, 98.017996;
93.703834, 99.452129;
89.143978, 99.852757;
98.624007, 105.190551;
100.291349, 104.477928;
99.403731, 86.527319;
84.982186, 98.635929;
91.748988, 99.426752;
93.074384, 90.974406;
88.898537, 102.305643;
98.745871, 107.824642;
92.684929, 96.235757;
98.873278, 102.207782;
94.425339, 103.968146;
95.862364, 96.031228;
93.575712, 105.778327;
93.798173, 91.542996;
93.468770, 105.419966;
82.152224, 95.362143;
98.882124, 103.760051;
88.927469, 93.736813;
97.913570, 103.902674;
92.191461, 96.549278;
86.359145, 104.573796;
94.487581, 105.562405;
92.499821, 96.544241;
94.157397, 106.665919;
88.869037, 97.621813;
92.094663, 102.275306;
87.416181, 102.933916;
89.871046, 98.277190;
92.108443, 100.947698;
90.134189, 102.144738;
102.427886, 108.542030;
95.804895, 103.303720;
85.618928, 95.412115;
98.867238, 94.946162;
88.404359, 96.547064;
100.076701, 103.828176;
92.972539, 97.906443;
94.578849, 110.872172;
100.160425, 93.738386;
85.756988, 95.034207;
96.399025, 101.230675;
82.436106, 96.799406;
93.343105, 100.705634;
91.580609, 104.436752;
82.232243, 96.786791;
98.035695, 103.419187;
99.848902, 85.992570;
97.902048, 100.175550;
92.452084, 100.256731;
97.332076, 103.740684;
94.521656, 99.259298;
94.963264, 99.633470;
91.070105, 100.138369;
94.844627, 100.553609;
85.387540, 106.722215;
100.200827, 86.182465;
89.030201, 105.718411;
97.704885, 103.148903;
90.540746, 108.214397;
92.577151, 99.794811;
93.437019, 109.687470;
89.025622, 97.168267;
93.133150, 99.849284;
72.861582, 87.331184;
97.187904, 106.343985;
86.104447, 104.308297;
100.191345, 105.742313;
94.381387, 102.865986;
94.553618, 103.820639;
87.101050, 94.060381;
89.229652, 93.342718;
96.856985, 100.064877;
91.070397, 102.184254;
94.469322, 105.095154;
93.481619, 98.717158;
87.111632, 95.333831;
90.342287, 99.322208;
92.787717, 107.712930;
84.601455, 93.146799;
95.262853, 102.352637;
91.763408, 95.148078;
94.785820, 105.204768;
95.577426, 102.607381;
97.213876, 114.112967;
84.768923, 98.317854;
91.943746, 102.589139;
90.867415, 98.868867;
85.603224, 102.688893;
93.938558, 95.736617;
92.286754, 96.446269;
100.312828, 107.895822;
99.031544, 104.882013;
94.712769, 98.613027;
92.120517, 102.351221;
86.454489, 94.354374;
93.798886, 97.480891;
93.906838, 99.257253;
94.816782, 106.150517;
93.941992, 99.845210;
91.799483, 101.794163;
97.832697, 103.490124;
92.717130, 107.761906;
89.135391, 96.813942;
95.398110, 97.970255;
97.850952, 108.135964;
90.811736, 106.103497;
100.645852, 104.033788;
94.318261, 99.260510;
103.033598, 105.206473;
98.247685, 103.795856;
93.751117, 98.922782;
94.350571, 99.246702;
85.692791, 93.571725;
91.527535, 98.939549;
91.693705, 96.375605;
92.506913, 101.448097;
93.558714, 93.240654;
88.080708, 95.794966;
89.264262, 99.611811;
93.681867, 103.214984;
92.476429, 96.491510;
90.429861, 96.457086;
91.824985, 105.288347;
95.974818, 107.311490;
90.132890, 101.385832;
93.204209, 103.154199;
91.132546, 106.835265;
90.991725, 99.551047;
91.325187, 109.090976;
89.763431, 101.802123;
88.978820, 100.574042;
93.808183, 99.484099;
105.213120, 105.426719;
93.818993, 100.072091;
88.771060, 96.711772;
95.567076, 98.964321;
94.976973, 99.589468;
84.835498, 97.072872;
92.646994, 103.121772;
82.661767, 92.802870;
96.182581, 104.823251;
91.011292, 99.833895;
92.489631, 101.967755;
93.406777, 101.755613;
93.193533, 97.624619;
97.035080, 104.705120;
98.576434, 110.238188;
80.506491, 103.347239;
98.577423, 105.538423;
95.944544, 104.845507;
95.074386, 100.957228;
80.275260, 91.258494;
99.225344, 88.740324;
91.194738, 106.631118;
88.171369, 99.300640;
87.976631, 101.059241;
97.187955, 103.912705;
85.511283, 95.406577;
94.289431, 98.794225;
88.378090, 97.735653;
91.918858, 101.703307;
104.830561, 110.492306;
101.304718, 116.626846;
99.966187, 103.087072;
87.234940, 101.203107;
93.073285, 101.011980;
94.247708, 99.400437;
90.019905, 94.919171;
92.671424, 101.179141;
97.005756, 105.067086;
87.370906, 100.788149;
102.125455, 109.709842;
92.420485, 101.423676;
96.681047, 107.985841;
93.489575, 104.421929;
92.318262, 100.599257;
93.764848, 105.252229;
91.789812, 102.625016;
86.173917, 95.252925;
91.966125, 97.736890;
93.505636, 109.112094;
87.580442, 96.281305;
84.613548, 92.266117;
88.326170, 95.679293;
93.421984, 103.587567;
94.531753, 104.144081;
90.088935, 108.012769;
94.339480, 103.311289;
94.379370, 102.626803;
95.408995, 110.746398;
99.779589, 105.170663;
93.399957, 105.459251;
62.358591, 100.775345;
91.895756, 101.539621;
93.463624, 103.045756;
84.202195, 94.903656;
94.683344, 102.392260;
94.524454, 98.416142;
89.900838, 108.189408;
73.823459, 86.342536;
93.982393, 98.892006;
92.822168, 103.336986;
88.951024, 99.966491;
84.433837, 94.112823;
97.913589, 101.134525;
89.977632, 98.289207;
92.466329, 94.749446;
93.227144, 111.866964;
88.259617, 97.182052;
92.129948, 101.764636;
100.082815, 106.349672;
97.269831, 103.856850;
90.613124, 100.615187;
95.973001, 108.001913;
98.786509, 111.466568;
85.566611, 101.774789;
92.919482, 102.569547;
95.958384, 100.202738;
104.744814, 113.418323;
87.487981, 100.083169;
100.626425, 107.976407;
83.057959, 91.965193;
88.104113, 100.352755;
95.431279, 103.673727;
95.906056, 102.387116;
93.156670, 104.961798;
88.349939, 98.961219;
91.818688, 101.837598;
93.280674, 104.311873;
97.372737, 103.955180;
96.813211, 108.306572;
98.040169, 100.822511;
94.246240, 100.308852;
93.894902, 98.383022;
99.892608, 115.844252;
96.502350, 101.710454;
98.892232, 104.806819;
97.214017, 100.757291;
96.645323, 104.765314;
104.206266, 106.949403;
92.465583, 107.120976;
85.609158, 95.697173;
98.881467, 107.133220;
93.434757, 99.031364;
92.571053, 102.718289;
86.850244, 100.889313;
88.039414, 95.416397;
92.262618, 101.270516;
86.434423, 95.047980;
85.225334, 95.071488;
93.807462, 106.501751;
93.323013, 103.470794;
91.447647, 103.865619;
93.557638, 102.864033;
82.392706, 101.149952;
93.201843, 102.424746;
99.234566, 107.111420;
96.019356, 99.752941;
94.512696, 99.079778;
93.999864, 99.710656;
95.053144, 91.212308;
92.463326, 102.106921;
87.357707, 93.172738;
85.115644, 95.452881;
93.237673, 98.533158;
88.866320, 99.383080;
91.368444, 101.626619;
98.165835, 100.870547;
93.920519, 99.118152;
91.789325, 102.775801;
99.592654, 87.352421;
94.401560, 99.681758;
104.178302, 112.798324;
93.610746, 102.619078;
87.847702, 102.940883;
88.471159, 101.999682;
87.038519, 102.724413;
87.974310, 90.658872;
96.135561, 104.680816;
93.124887, 102.878091;
96.535727, 101.008705;
97.610196, 97.016821;
94.054482, 103.906659;
92.976105, 108.192666;
95.885393, 100.906092;
92.346784, 103.015759;
95.197775, 99.402969;
95.748261, 104.720352;
92.412298, 97.496237;
92.342961, 102.560208;
97.363615, 102.515369;
92.483554, 96.589104;
94.973545, 106.776300;
93.963406, 99.622002;
91.471242, 96.789514;
101.983480, 106.059819;
92.975916, 103.472129;
97.093527, 100.203934;
91.377632, 100.074918;
94.265890, 102.015054;
90.741558, 99.978337;
91.501618, 105.158711;
91.935595, 102.319538;
89.934842, 106.988144;
92.496487, 100.372982;
93.520464, 104.305123;
95.558319, 99.726823;
93.579438, 98.884054;
93.283589, 108.387589;
101.174340, 108.170934;
92.885173, 103.454093;
96.823245, 114.531381;
87.666292, 102.506111;
94.282543, 101.441786;
88.535169, 93.871179;
93.412577, 99.155012;
93.684969, 109.116167;
97.120332, 102.086745;
103.047549, 105.681223;
93.119767, 111.520442;
86.499576, 102.981449;
96.337264, 106.101545;
93.193047, 105.424515;
97.606897, 105.766239;
90.172215, 99.872454;
97.278815, 100.320027;
92.364057, 104.816319;
99.768019, 90.414525;
99.911519, 92.812847;
93.454237, 103.829450;
86.798640, 94.966657;
93.135650, 102.090741;
97.232431, 105.119058;
88.031724, 103.550891;
92.989532, 97.789087;
78.453003, 91.849223;
93.955007, 100.405921;
94.038877, 104.559524;
98.767599, 106.704987;
94.801973, 104.896366;
94.961878, 105.730249;
94.878450, 110.871442;
87.507042, 95.636167;
96.000710, 107.571699;
94.241718, 105.009989;
76.760113, 94.268635;
93.239874, 100.562119;
89.001022, 101.312341;
84.409660, 93.962428;
93.161477, 103.680140;
95.665431, 104.959371;
92.353835, 95.727067;
98.196271, 100.689800;
83.567606, 97.591864;
96.069096, 106.067559;
96.740451, 105.563867;
93.932613, 100.564263;
92.676490, 99.496940;
91.986534, 101.371323;
100.163516, 88.507226;
91.070919, 96.966379;
95.265030, 99.740100;
100.580200, 105.825079;
93.395737, 99.304322;
92.410021, 97.303140;
94.917957, 107.438322;
89.103342, 100.842980;
84.543240, 94.439190;
77.970167, 94.334636;
94.273200, 104.398035;
86.916051, 90.771565;
93.723238, 109.382888;
94.652333, 106.388518;
90.984907, 97.696318;
97.435586, 106.721275;
94.162349, 102.045093;
94.853745, 104.545698;
96.303318, 108.854763;
95.037104, 106.739490;
93.576161, 100.798610;
92.399393, 102.906827;
84.021285, 110.016992;
92.036654, 106.474240;
90.623052, 100.294465;
96.721172, 99.311688;
88.820575, 101.056097;
91.800299, 96.761379;
91.676083, 103.402257;
94.935862, 102.109520;
68.772567, 104.305981;
91.463873, 95.608209;
99.003699, 108.477807;
93.221925, 103.115593;
93.627901, 108.623580;
93.626574, 104.696505;
96.373207, 101.259810;
94.023585, 103.427562;
93.049381, 98.286822;
94.278805, 107.380423;
99.486742, 86.649725;
95.953035, 106.586840;
102.548234, 111.785891;
88.902922, 100.705832;
92.178784, 99.664797;
84.000692, 93.478953;
87.730791, 107.577891;
94.911255, 103.224465;
93.774516, 95.646485;
76.974489, 95.280779;
100.984349, 108.334159;
86.307036, 102.584091;
92.651602, 106.469509;
94.945097, 109.376572;
90.860913, 96.411917;
93.580720, 102.704100;
96.009742, 104.420439;
89.581613, 108.329080;
97.831883, 93.051152;
97.493172, 103.731684;
92.475906, 105.875398;
96.559925, 105.551353;
100.221321, 91.243188;
90.543931, 98.123551;
98.063912, 102.964098;
95.688547, 104.786579;
86.188131, 107.276347;
91.082347, 107.443668;
93.841125, 104.268652;
96.678464, 101.391234;
94.808496, 99.352688;
76.555972, 91.130472;
84.114501, 102.922720;
87.274727, 108.184442;
86.683518, 95.612801;
88.659517, 99.416337;
94.973838, 102.235654;
93.919567, 99.574456;
85.334860, 101.796698;
87.706772, 90.113301;
94.974376, 99.867117;
90.004143, 100.764581;
96.616570, 105.034367;
76.570398, 94.166457;
91.267719, 102.046472;
100.581277, 105.556977;
98.707386, 104.084126;
94.526050, 99.371884;
92.509453, 103.583063;
97.443778, 104.223268;
94.259690, 92.150500;
95.346859, 99.933423;
93.320340, 103.821568;
90.954375, 108.070722;
99.941588, 91.262097;
78.399510, 95.316218;
91.977542, 102.850276;
95.746435, 109.770105;
93.501874, 97.579724;
90.539597, 99.350621;
94.640597, 99.284190;
103.777006, 113.156617;
97.884515, 102.688923;
96.231519, 104.416810;
91.802343, 94.948769;
93.475544, 108.302155;
93.127296, 104.250115;
83.184433, 92.103552;
94.450134, 104.351579;
92.119019, 101.512437;
83.316664, 99.459858;
90.228322, 103.932509;
92.063117, 101.036018;
89.891880, 106.851668;
95.386007, 108.297374;
100.250786, 102.716576;
93.172248, 103.555242;
94.318549, 98.803726;
89.520222, 96.166427;
92.239767, 99.774095;
92.540739, 92.204307;
94.907808, 103.719166;
96.720811, 99.991865;
88.158909, 99.578481;
90.990252, 108.517434;
93.753085, 105.296196;
89.126039, 99.717065;
85.818828, 106.943188;
98.576119, 103.029508;
92.126625, 101.487404;
91.768712, 102.039805;
94.749825, 103.359315;
92.801221, 100.051531;
94.039973, 100.109497;
77.249349, 89.280309;
96.864098, 105.166413;
95.517213, 109.268943;
97.659487, 103.289316;
81.065831, 92.734152;
91.549229, 106.072616;
93.835352, 106.087679;
89.503344, 98.760625;
96.142581, 100.714068;
92.169533, 101.879425;
87.993579, 94.037355;
90.310928, 102.317243;
92.792650, 89.273173;
92.350099, 104.762323;
97.681820, 104.621331;
96.275806, 104.970647;
82.065618, 95.749892;
104.049862, 113.209730;
103.395854, 109.951837;
94.982722, 110.039851;
97.511773, 104.021818;
89.230093, 96.362381;
95.620990, 100.104629;
98.819117, 110.772079;
94.039338, 91.415784;
91.178307, 100.037407;
96.226418, 104.304424;
97.876732, 101.357880;
103.802129, 109.575195;
92.038849, 90.219412;
94.034851, 103.646114;
99.694926, 88.637743;
95.636377, 104.126235;
87.702479, 102.942026;
86.919233, 96.454954;
88.623450, 104.971185;
94.369922, 99.883754;
95.063088, 106.005479;
92.034364, 105.915737;
95.713168, 104.747616;
94.382292, 104.494508;
93.036171, 103.508400;
93.884351, 100.677978;
95.693560, 104.809920;
105.592819, 106.095287;
87.782227, 111.595754;
85.126948, 93.406345;
98.226953, 102.868812;
90.271593, 93.667878;
92.619383, 110.641879;
95.433943, 101.026785;
94.475941, 104.026860;
83.607805, 101.741472;
95.039838, 103.371744;
90.829859, 95.060904;
100.303964, 109.908037;
90.859795, 101.111272;
100.078697, 90.852541;
85.070295, 111.774505;
90.768631, 97.465765;
83.728726, 103.178287;
92.023855, 89.534737;
90.297255, 100.532857;
91.495847, 93.507681;
88.638378, 95.792508;
99.930461, 87.601613;
93.754176, 106.170913;
91.920883, 98.010307;
93.554087, 100.533974;
85.240078, 102.109890;
94.319863, 104.549484;
87.044857, 94.579246;
98.041173, 100.378464;
94.749679, 110.161115;
95.034298, 105.785349;
92.859186, 108.642080;
94.036894, 96.803349;
76.575361, 89.855712;
90.223129, 108.251242;
90.019871, 110.073977;
91.723079, 94.464917;
