88.354693, 159.929934;
90.137778, 161.046685;
95.314998, 172.560609;
90.398856, 160.766149;
95.008607, 173.141204;
88.659316, 161.684407;
91.422733, 160.381178;
90.518899, 160.381515;
91.331967, 160.326418;
90.449834, 161.096099;
91.648578, 168.266504;
96.960146, 165.138989;
92.268652, 168.389361;
90.663639, 163.086072;
85.970326, 158.860097;
95.074391, 168.038797;
90.578308, 162.402674;
90.086170, 163.469392;
89.172220, 161.327648;
92.866201, 166.803576;
89.519780, 161.241239;
90.137080, 159.191343;
90.190129, 159.001400;
95.775557, 172.301183;
87.346542, 158.473809;
95.043442, 173.040643;
98.567741, 165.890531;
88.444953, 159.718007;
95.015671, 173.074428;
92.344768, 160.350412;
94.914214, 167.328754;
91.419513, 160.646785;
89.815668, 162.079581;
90.497279, 160.494151;
90.727119, 162.835221;
89.830775, 161.389809;
91.923836, 160.094137;
90.872721, 160.359886;
91.629260, 168.125278;
90.346426, 160.178574;
92.216562, 175.473529;
93.584713, 173.799459;
90.611258, 160.299360;
95.535182, 168.672731;
89.026407, 161.312066;
90.522243, 160.229209;
92.953827, 162.466005;
91.446460, 160.198776;
87.102952, 160.116369;
90.029510, 162.825681;
94.057611, 158.120485;
86.449648, 158.341342;
88.951649, 161.307144;
92.730127, 159.207227;
89.887192, 161.473129;
90.254622, 160.342280;
91.701045, 159.622960;
92.562947, 160.012237;
92.692132, 159.468229;
96.332923, 170.995659;
89.388610, 162.492191;
97.236583, 165.365902;
95.270629, 171.995099;
90.703099, 159.350231;
90.766417, 160.185306;
90.646484, 160.261105;
93.132259, 160.778242;
90.167431, 160.956144;
90.009692, 162.091513;
95.153627, 165.633560;
87.011936, 161.067807;
90.053824, 167.643906;
90.648051, 161.469875;
86.470804, 159.882904;
90.725117, 160.768162;
87.024018, 161.092670;
91.295416, 158.823618;
97.472222, 172.640272;
90.689365, 161.044963;
90.366530, 160.213319;
90.540494, 160.444868;
92.805419, 161.731818;
92.608470, 164.388332;
92.816210, 167.045132;
90.305704, 164.021227;
92.394318, 166.957696;
89.871384, 162.245120;
95.939069, 167.812550;
90.108128, 158.958117;
90.466959, 162.785217;
91.408932, 160.960178;
91.197672, 160.163144;
91.751541, 160.390141;
92.697248, 162.099128;
94.489874, 174.150953;
94.773368, 173.578843;
90.626004, 160.361102;
87.204243, 157.888669;
95.012208, 167.806036;
92.676318, 162.445031;
87.156556, 157.915665;
87.380284, 159.678892;
95.724318, 173.922243;
93.969117, 157.774671;
95.110374, 161.435802;
91.061230, 158.864119;
90.530986, 160.387752;
89.704185, 161.952459;
90.246656, 163.400703;
90.177344, 161.566596;
91.212020, 160.076889;
95.114021, 165.985535;
95.144088, 165.169031;
93.192874, 160.856933;
94.955641, 173.891841;
93.644881, 173.350977;
88.513434, 161.528918;
89.019200, 161.743816;
94.176909, 172.454308;
86.745159, 158.186825;
92.697466, 169.305317;
90.726355, 160.977629;
94.805013, 173.096501;
90.448859, 163.201365;
90.638818, 163.327047;
90.334198, 160.336843;
90.448049, 160.322208;
91.704948, 160.885399;
90.484416, 160.148560;
89.178766, 161.603343;
89.128388, 161.583635;
93.237292, 161.756315;
95.459285, 172.567442;
88.191618, 162.108615;
94.875760, 164.927958;
90.418221, 160.308605;
90.947117, 160.670626;
90.300266, 161.095258;
95.174179, 161.822562;
88.034127, 160.682606;
87.221029, 160.641065;
91.130315, 160.462296;
92.202719, 169.939779;
87.102927, 160.659114;
95.059273, 168.090359;
90.070420, 161.690615;
90.737002, 160.745458;
91.580176, 160.983932;
95.074791, 173.011441;
92.276422, 167.595376;
96.348682, 171.065939;
88.483435, 159.702134;
90.416792, 160.102219;
90.447916, 161.291956;
94.094805, 173.808899;
96.004784, 172.569654;
95.002394, 173.673957;
92.142129, 160.414483;
91.032247, 160.595772;
90.412447, 160.185758;
88.307915, 162.478105;
95.856773, 172.097960;
90.853802, 160.689363;
90.084279, 160.975389;
92.823951, 162.773041;
88.752416, 159.978304;
93.785279, 158.615472;
95.909565, 172.821473;
87.331079, 157.527699;
95.435557, 170.287315;
96.405250, 169.899151;
90.128303, 161.660500;
91.646455, 167.863543;
94.440345, 172.030504;
87.112981, 160.163911;
91.168657, 158.824560;
88.322621, 161.537918;
90.067867, 161.828646;
87.103933, 160.011124;
92.209378, 160.164410;
95.764820, 172.398536;
91.620103, 158.769441;
90.257128, 161.045902;
97.858779, 165.305940;
92.825569, 162.751478;
91.962709, 160.271064;
96.097794, 171.077696;
91.014237, 159.869881;
90.445330, 161.164312;
90.471872, 160.290622;
88.368455, 162.290609;
90.002168, 161.487291;
91.828425, 159.993602;
92.625432, 159.634620;
88.457411, 161.834389;
92.658217, 162.969191;
91.788325, 160.131311;
90.565113, 160.245734;
90.906132, 158.857227;
95.035242, 169.130308;
90.495638, 160.234183;
89.748917, 161.195047;
90.200167, 161.468022;
90.427787, 160.260819;
94.869243, 172.783607;
97.521041, 173.049692;
89.908207, 161.441357;
89.941212, 161.709023;
92.638804, 164.705205;
88.712172, 162.755437;
95.081889, 167.326736;
90.012239, 160.956766;
90.462022, 160.353414;
90.053264, 168.655048;
91.674429, 160.037134;
87.103227, 160.706656;
90.841057, 160.730613;
94.973213, 169.958932;
93.074464, 166.851096;
90.167863, 161.696686;
90.610449, 160.484934;
90.002895, 168.888469;
87.233937, 161.256643;
95.384042, 171.786648;
90.132528, 160.870782;
97.165760, 168.442760;
93.412862, 160.933843;
90.122515, 161.692745;
90.807252, 160.634960;
89.884719, 159.623213;
90.511703, 172.624890;
90.422066, 160.138895;
85.989125, 158.832476;
91.424770, 159.917411;
86.700153, 160.458114;
93.583550, 174.170265;
88.938501, 161.196338;
96.244298, 166.353460;
92.319130, 160.104517;
86.010389, 158.693363;
89.805550, 161.647560;
87.401036, 158.532340;
92.562854, 164.219713;
90.493412, 160.171487;
98.306936, 167.309861;
92.554851, 165.103532;
91.517798, 160.487843;
95.554315, 172.713563;
94.174175, 173.845462;
89.732536, 161.419205;
96.480468, 165.421392;
93.791252, 157.686617;
89.843640, 161.756663;
88.843593, 159.437681;
91.333751, 160.499774;
91.377675, 160.928098;
90.746419, 160.207570;
89.741536, 172.476229;
95.049002, 167.498231;
90.501625, 160.574461;
89.981863, 159.233788;
91.044411, 160.940807;
89.985151, 160.659315;
87.595932, 159.043915;
90.423766, 160.841330;
94.729792, 174.136715;
97.488418, 172.815855;
93.106340, 162.399717;
89.107231, 162.231121;
95.258642, 169.912640;
91.366183, 160.075558;
89.239076, 161.350248;
97.361443, 172.780306;
91.576366, 160.335494;
90.021814, 162.070218;
90.397944, 171.420677;
88.559183, 158.701340;
97.428727, 172.906326;
90.545878, 160.477744;
93.004380, 162.668794;
94.154365, 157.996482;
91.504837, 159.432559;
88.567255, 161.693857;
92.842078, 162.714842;
95.514238, 170.493431;
92.320178, 176.504540;
90.041333, 165.805912;
92.910290, 163.016653;
95.552666, 172.819963;
90.537586, 165.073807;
98.383286, 165.531190;
95.061078, 168.343326;
93.060413, 164.169318;
94.703526, 170.770799;
91.371335, 160.844266;
88.993462, 160.730541;
92.979200, 161.131188;
90.123124, 170.890416;
92.140523, 159.059998;
90.511580, 165.466835;
90.025673, 163.069735;
89.562144, 159.878263;
91.595562, 160.448895;
88.565086, 159.948953;
92.624353, 173.849338;
90.913080, 159.876026;
91.893314, 160.767998;
93.105331, 167.034011;
90.664757, 160.211977;
87.544837, 158.558711;
97.075427, 173.015053;
94.785735, 173.587424;
97.500213, 172.960388;
87.260001, 159.399254;
92.038120, 173.431540;
95.192846, 162.843570;
93.137201, 158.387292;
91.018815, 160.618828;
93.242841, 161.000205;
91.220162, 159.913001;
90.718104, 160.531694;
90.423127, 160.346885;
88.032268, 159.879628;
90.025955, 161.004127;
93.558333, 172.638112;
94.991392, 173.697865;
93.121801, 162.165865;
89.077451, 162.006324;
90.036717, 160.761242;
88.676732, 160.989622;
95.626258, 172.557820;
90.499983, 160.401532;
85.955374, 158.733606;
94.412544, 174.031869;
90.232234, 160.844784;
90.220820, 160.081717;
95.735651, 173.546508;
92.604089, 163.315650;
90.451507, 160.467867;
89.155803, 162.234047;
90.121218, 168.467170;
90.552073, 161.086410;
90.960650, 160.129584;
95.432417, 171.886350;
96.016680, 172.890601;
93.290713, 161.344057;
90.649445, 160.258742;
90.363368, 161.953948;
95.781075, 170.130250;
90.367214, 163.374084;
96.745274, 172.398194;
90.025515, 162.033050;
95.741393, 172.488940;
89.332066, 161.148319;
95.633337, 172.549859;
92.566677, 164.032463;
88.649302, 161.513037;
87.257206, 161.140175;
92.275236, 160.249132;
87.896376, 158.085521;
90.016780, 160.806355;
94.770706, 173.282180;
93.065739, 162.303083;
94.805601, 173.515259;
89.168996, 161.566201;
93.745591, 172.715872;
96.747494, 165.115901;
97.085355, 165.251336;
95.096623, 173.359169;
87.306203, 161.529085;
90.409532, 160.941888;
92.049735, 160.744348;
91.488617, 159.649533;
86.272108, 160.460776;
88.981723, 160.970811;
89.682127, 162.362195;
89.867616, 161.727192;
92.918838, 162.643786;
95.256173, 172.872509;
91.982228, 160.421386;
92.913764, 164.168963;
86.139308, 161.286840;
92.300365, 159.465518;
87.281663, 157.388755;
92.794118, 162.781729;
89.754535, 162.155114;
97.548145, 165.139649;
90.236837, 160.261605;
96.185830, 170.973235;
90.222784, 160.510384;
91.446197, 160.904877;
91.980840, 172.070637;
87.097871, 158.366332;
87.142049, 161.124963;
90.178621, 163.550374;
95.111723, 164.408209;
90.524877, 160.351667;
90.272000, 160.319693;
90.725433, 160.338814;
92.914800, 166.781529;
90.277833, 161.852210;
90.526117, 160.437682;
96.544173, 171.737689;
90.607866, 160.388564;
92.567912, 163.611307;
90.415977, 160.863112;
87.500330, 160.334384;
95.005376, 173.636532;
95.092634, 168.554099;
90.886197, 160.473323;
89.419782, 161.193942;
90.390757, 160.334413;
86.551893, 158.566179;
90.599690, 160.321769;
92.797013, 162.697613;
89.490914, 160.837317;
95.029130, 167.968825;
95.152133, 173.157814;
86.271572, 160.446734;
90.355653, 163.934836;
94.274738, 173.938582;
91.629745, 168.220070;
90.106666, 161.731561;
90.404037, 161.717792;
87.131123, 159.638897;
91.585025, 160.155762;
92.378145, 159.978736;
90.147567, 159.325426;
94.965104, 173.358506;
90.793517, 171.310916;
90.894649, 160.020350;
89.987510, 162.562421;
90.347110, 171.505968;
93.058014, 166.926813;
92.652547, 167.368111;
89.414904, 160.417193;
97.513787, 173.120190;
95.658459, 172.613037;
90.431124, 164.873498;
86.103955, 161.397387;
93.263079, 160.800788;
95.315721, 171.786439;
90.194623, 162.044955;
93.026987, 166.444565;
90.231836, 158.984553;
85.992134, 158.369261;
91.495783, 160.177901;
91.369130, 160.758309;
92.875781, 161.552401;
89.599308, 161.641286;
87.397882, 157.507664;
90.551999, 160.287613;
95.205037, 160.858338;
95.223705, 171.492012;
91.403146, 160.966753;
95.649079, 172.532264;
97.754068, 165.189420;
93.043468, 162.435053;
92.408955, 159.878106;
89.185654, 161.762137;
90.336583, 163.937382;
95.149436, 172.188147;
97.266089, 165.240876;
87.453395, 159.157189;
92.152197, 171.315938;
95.107412, 166.971648;
95.112259, 166.378790;
90.809452, 160.924009;
90.061300, 168.325275;
90.723015, 160.119720;
88.643461, 161.560449;
97.262825, 172.867651;
95.428912, 172.121165;
91.452701, 160.164391;
91.978443, 167.479408;
90.569022, 160.411688;
90.452182, 160.210920;
96.009595, 171.613514;
92.452917, 165.961334;
90.839978, 160.348858;
89.763631, 162.156182;
90.382672, 164.054921;
86.142487, 158.732004;
90.287765, 161.115308;
90.510396, 160.437350;
91.507707, 160.981980;
88.148185, 162.394467;
93.178696, 162.067512;
92.428903, 159.623730;
94.965119, 173.862072;
95.500436, 174.004153;
97.197331, 173.022741;
88.624555, 158.773850;
95.365895, 170.388877;
89.823769, 161.807347;
97.382406, 172.742323;
90.372941, 163.823751;
89.853403, 161.245600;
92.965556, 162.459001;
87.265167, 160.584756;
92.921609, 162.547350;
90.211230, 161.184804;
95.026708, 167.644916;
93.197858, 160.920460;
88.679235, 159.616344;
90.528254, 164.310269;
95.392970, 170.211439;
92.244154, 176.623588;
91.695818, 160.081696;
97.317180, 172.740512;
95.722319, 170.210389;
92.130892, 160.245906;
90.578208, 163.710504;
91.861708, 160.356117;
90.508609, 159.048062;
89.959548, 159.746600;
94.497040, 166.559666;
95.141751, 163.645675;
92.903214, 165.569806;
89.097630, 162.279164;
87.668211, 159.202330;
93.906040, 173.862918;
87.122932, 158.225909;
90.391042, 160.797615;
91.128355, 160.103096;
87.040754, 160.697836;
90.461870, 165.514218;
89.803666, 161.815714;
92.944920, 166.724962;
90.246957, 160.060318;
94.166982, 170.177677;
91.482933, 160.173414;
92.887056, 162.711993;
90.084700, 159.254740;
90.533651, 160.467773;
95.180456, 173.892358;
95.115255, 163.197639;
91.252868, 160.061388;
90.837708, 160.521528;
90.636240, 160.308829;
95.622191, 172.575656;
91.281441, 160.034734;
90.388389, 160.221599;
87.220255, 161.202907;
90.054097, 162.598262;
91.036103, 160.352227;
89.644973, 161.057097;
92.482158, 174.029848;
90.023236, 168.230423;
93.022364, 166.803822;
90.351508, 164.102490;
90.543048, 160.592077;
90.076986, 161.635215;
90.692772, 160.400127;
94.918651, 173.596162;
90.555754, 160.511526;
95.207709, 173.391123;
95.240523, 161.621655;
95.058671, 173.590100;
88.673947, 160.954492;
92.896690, 158.947468;
90.314105, 160.293846;
90.277162, 162.822433;
93.627373, 157.773882;
91.554588, 159.508692;
89.828971, 156.695615;
94.962200, 173.878700;
88.730672, 159.875543;
97.141393, 165.271304;
90.819270, 160.687544;
94.385957, 173.720667;
90.859394, 160.509800;
92.488703, 174.580445;
90.587018, 161.676718;
93.638435, 175.159632;
85.991053, 160.959062;
92.440935, 176.531244;
87.554721, 158.520605;
89.997262, 160.410051;
88.452910, 160.312452;
87.494846, 158.431310;
89.925417, 169.687344;
93.004866, 162.506854;
86.823034, 161.703711;
91.063754, 160.386656;
90.404987, 160.822504;
88.268741, 162.362525;
95.706649, 172.541577;
94.921164, 173.880079;
92.517603, 165.392244;
97.336807, 165.172008;
90.449875, 158.919885;
91.809259, 167.434251;
89.926200, 161.328680;
85.995466, 158.485106;
90.489854, 161.638786;
92.692347, 159.387552;
92.580783, 164.857219;
87.278375, 159.561681;
87.620983, 161.766197;
