150.610279, 141.566981;
148.498675, 130.824031;
151.066178, 147.503834;
154.921514, 151.741084;
150.151422, 153.223987;
148.726277, 160.478600;
148.250721, 157.711865;
150.230155, 140.477872;
151.332327, 118.322890;
155.125066, 153.420546;
149.372553, 154.888950;
147.358385, 154.995758;
146.955552, 143.708251;
143.553529, 148.299606;
148.339190, 157.062818;
148.623750, 157.666475;
155.001511, 153.226760;
152.827392, 139.988700;
157.286572, 161.242088;
148.308055, 164.062589;
153.148667, 155.877620;
147.792853, 164.549508;
151.010638, 157.188457;
153.717271, 141.576593;
153.152342, 146.338794;
152.886941, 140.561404;
149.430494, 162.145736;
154.479485, 151.654085;
150.591862, 149.925177;
154.003184, 163.878900;
144.739651, 143.273939;
140.647745, 135.912817;
149.537754, 146.519180;
162.626667, 169.638771;
150.342604, 155.650417;
147.770565, 160.993534;
145.168977, 140.144040;
156.600662, 159.373606;
150.707235, 144.992591;
146.208600, 146.595361;
160.783709, 170.489571;
146.611734, 151.201616;
147.032884, 143.905094;
146.149797, 138.269571;
149.868741, 155.651373;
146.720243, 159.493243;
149.789451, 154.268601;
152.961840, 164.192804;
159.252195, 150.461797;
162.829906, 168.557813;
152.773306, 150.816778;
150.377903, 164.066933;
153.341461, 154.799090;
163.141413, 171.334404;
153.671440, 155.671475;
144.739694, 142.520872;
150.474299, 155.722940;
151.288485, 147.626760;
149.670130, 121.120986;
149.834374, 140.007224;
150.164390, 141.711676;
156.091793, 152.901410;
147.025668, 152.498055;
143.565495, 140.939851;
149.781467, 144.661868;
146.745447, 153.855162;
149.106671, 154.522043;
150.769750, 142.442217;
149.902492, 148.985266;
146.294871, 157.371073;
154.524151, 150.982009;
149.086046, 153.918173;
147.489865, 151.391478;
151.109828, 157.302680;
152.726997, 139.156629;
155.335206, 154.327429;
159.141401, 171.462194;
153.864612, 148.231352;
150.653293, 151.214895;
162.394831, 170.978452;
144.236727, 139.689115;
147.657854, 144.175615;
150.307970, 149.012278;
150.897956, 148.101960;
148.819330, 160.647299;
152.606478, 142.035075;
156.862969, 161.293508;
150.678133, 158.885716;
150.322831, 154.122809;
152.762191, 154.264919;
154.544570, 151.931208;
146.651806, 153.058723;
155.287442, 151.172947;
153.687569, 149.500487;
150.815823, 150.751977;
150.304572, 157.225502;
147.731014, 140.038007;
158.580945, 171.200043;
151.843475, 135.973086;
162.699571, 169.739309;
148.029887, 147.746680;
149.397154, 159.967828;
146.959984, 152.120743;
148.967375, 159.929578;
151.325706, 148.778752;
151.503653, 160.462107;
151.326420, 140.811480;
147.608209, 141.981875;
146.481423, 140.414150;
157.095475, 160.318071;
150.713830, 146.765776;
146.599530, 149.072361;
153.375331, 155.213734;
155.279472, 153.165469;
154.972413, 151.958775;
147.342205, 146.100423;
149.860309, 153.528284;
155.264734, 150.494689;
152.496018, 153.692699;
151.149521, 148.303997;
148.456827, 158.007227;
146.549045, 154.845319;
150.156728, 156.246598;
156.039025, 157.862449;
149.586523, 152.750696;
148.310148, 131.596063;
149.611050, 149.010342;
151.520288, 154.443434;
147.484139, 145.490376;
150.012946, 152.748952;
148.504099, 160.768719;
148.385493, 157.810456;
150.276093, 154.945631;
150.886213, 154.852066;
150.554036, 153.771465;
152.848968, 155.161209;
149.434019, 143.534110;
162.553495, 168.767008;
150.848015, 156.770635;
150.847265, 154.072181;
153.860917, 134.753801;
152.817948, 154.687106;
149.968619, 147.236476;
149.708654, 158.501368;
151.187074, 157.200608;
148.679539, 143.679467;
152.275075, 129.038249;
163.261789, 169.073829;
147.812065, 156.548493;
143.782648, 135.565134;
155.740377, 164.141648;
148.532290, 157.971661;
154.452033, 144.857511;
157.375588, 151.363637;
153.222669, 152.282067;
147.910922, 152.015181;
150.041713, 156.023952;
147.614987, 149.177859;
156.258254, 160.574127;
154.938543, 155.327766;
154.260905, 151.663361;
151.181730, 141.067501;
146.257277, 150.518727;
149.704196, 142.939850;
149.338529, 152.897581;
149.703240, 151.745463;
153.997876, 148.352851;
149.328785, 146.931302;
143.387903, 134.868751;
150.255650, 158.722125;
143.693781, 147.730450;
154.809219, 151.770654;
150.455080, 146.460787;
154.243838, 148.558928;
151.713953, 144.244558;
149.854825, 160.273221;
154.629747, 151.624337;
150.656529, 156.057097;
152.058237, 156.770127;
145.007364, 149.047386;
150.562404, 132.598138;
148.899836, 155.256002;
149.215216, 155.041545;
152.247452, 136.718387;
152.963798, 153.935850;
162.506214, 170.815265;
148.053188, 159.568085;
147.265511, 154.668082;
155.303749, 153.075818;
150.382507, 154.648311;
152.760984, 157.608366;
152.701628, 156.314237;
145.708913, 146.308567;
152.883439, 150.569006;
152.342684, 157.460264;
142.768875, 139.013179;
152.205072, 149.118263;
149.578967, 155.694376;
147.876587, 144.513065;
154.967369, 151.610592;
143.966282, 135.873153;
152.434997, 128.865049;
148.976718, 161.879851;
159.957982, 150.652342;
155.238513, 150.974162;
153.952086, 143.289666;
151.354149, 154.679748;
150.501510, 149.344288;
152.595654, 129.001716;
149.097915, 144.156905;
152.509970, 137.579076;
149.178619, 160.767711;
151.584544, 129.178246;
159.733433, 171.179578;
152.431196, 156.042345;
147.519622, 150.986285;
150.670712, 117.887413;
149.926182, 144.369915;
149.220487, 160.400839;
146.533953, 146.862203;
149.559162, 142.631361;
150.283945, 153.257088;
154.794152, 151.770788;
151.497947, 148.312325;
153.694732, 157.373444;
152.620793, 143.169125;
151.074526, 150.808417;
151.804101, 161.101511;
147.590522, 154.574030;
147.599280, 152.293533;
148.771916, 144.247028;
151.298656, 151.359428;
150.353560, 158.153039;
147.183547, 155.604902;
151.302664, 117.954790;
163.683591, 169.747294;
163.420657, 168.360905;
160.561958, 171.811015;
151.952708, 156.195295;
149.510666, 155.818453;
147.955069, 153.061457;
149.836492, 153.337597;
152.761948, 154.634466;
150.139879, 159.966588;
149.685313, 153.040391;
150.575526, 159.380443;
149.065784, 141.743076;
150.425559, 147.799225;
150.828270, 157.241952;
143.482492, 134.660783;
146.658335, 150.863354;
153.080944, 154.138298;
146.904010, 144.249455;
147.833875, 164.233963;
151.947614, 141.178903;
147.503992, 140.565079;
153.825538, 153.195452;
153.161835, 152.378805;
146.538214, 138.410561;
149.288431, 146.579840;
142.275996, 139.032054;
162.729316, 169.926801;
161.491722, 171.052597;
146.012393, 153.150262;
151.081536, 163.833504;
149.363907, 151.234021;
152.808727, 155.132343;
163.601373, 170.746924;
147.665715, 160.443919;
148.117219, 151.235243;
153.344213, 158.913622;
151.224423, 152.042470;
154.057166, 155.410666;
149.886015, 129.929363;
146.208256, 140.322103;
159.369315, 149.726858;
147.879913, 155.964577;
148.302106, 154.632717;
149.619211, 154.418270;
152.514099, 140.841868;
153.030231, 152.197926;
146.234108, 152.931781;
151.321437, 147.845892;
150.411100, 156.799611;
163.919015, 170.499066;
152.939177, 152.896513;
153.291989, 154.876056;
150.526059, 153.972959;
155.660414, 150.464354;
152.065628, 157.167716;
150.576893, 150.104597;
153.926583, 151.079313;
149.373470, 158.300183;
149.359598, 146.361113;
152.100287, 152.734587;
149.488535, 152.392710;
145.481307, 136.634167;
153.273841, 126.713478;
148.065165, 152.040770;
149.317477, 124.277097;
148.976501, 153.967234;
151.394014, 144.965048;
145.067265, 156.772203;
149.820422, 121.994373;
149.464806, 137.418125;
148.910758, 162.083970;
163.207504, 168.074782;
147.998899, 152.341727;
151.467707, 151.515019;
149.779935, 153.411999;
149.032366, 159.435834;
150.727449, 147.585751;
150.911236, 160.473464;
152.807193, 155.475552;
145.069122, 136.484750;
154.269071, 163.618251;
150.676320, 140.745992;
150.434852, 156.763075;
150.818545, 146.479677;
150.175375, 159.965040;
151.438823, 118.815419;
149.756994, 153.463807;
163.469596, 170.382850;
152.452371, 148.373183;
153.038979, 152.927538;
151.095468, 161.940012;
149.040243, 158.422454;
146.289308, 154.547483;
153.503058, 147.813425;
152.561963, 137.539668;
155.452987, 152.910741;
147.867141, 151.703472;
151.218393, 155.866720;
150.285390, 151.232162;
154.262140, 157.263003;
150.919486, 154.112955;
151.957215, 140.198061;
150.849873, 155.768692;
144.145953, 139.732648;
152.718092, 157.042301;
149.960052, 155.643380;
159.766958, 150.118909;
146.626546, 147.515360;
155.096529, 163.030558;
154.753555, 151.575794;
150.014505, 145.582007;
155.207930, 154.278736;
162.439634, 169.802038;
145.967524, 139.374542;
153.386314, 147.184318;
147.820104, 152.214698;
153.874470, 142.202074;
151.325900, 144.984813;
145.190177, 150.720927;
154.380764, 152.567053;
151.402789, 150.570201;
143.992749, 142.350924;
152.124897, 163.255773;
149.951296, 156.201331;
151.203825, 154.584572;
150.952191, 155.939056;
150.708825, 118.061680;
152.847628, 139.749904;
146.324352, 140.244823;
143.827351, 136.708299;
148.965383, 159.086449;
162.738438, 168.289072;
143.138743, 152.331382;
162.162945, 169.782484;
159.063516, 160.860106;
154.767031, 151.806346;
148.823991, 140.946034;
150.718818, 140.422807;
156.086155, 159.500065;
152.076375, 158.248549;
147.659863, 153.319209;
155.048293, 151.958653;
150.419309, 151.633540;
146.160379, 149.050168;
148.869596, 154.006894;
155.893811, 151.985023;
153.464184, 161.465986;
148.438492, 159.991168;
150.994683, 155.690109;
146.299845, 151.835628;
149.914028, 154.801972;
150.544103, 156.795330;
149.582892, 153.836791;
149.676888, 160.135114;
150.602133, 143.188047;
153.571838, 162.067542;
151.171086, 134.911334;
149.311338, 155.415434;
152.068418, 148.639763;
160.723190, 171.222334;
155.178433, 151.456152;
149.641381, 157.756143;
148.632768, 153.647803;
149.217421, 126.003421;
148.061429, 155.698421;
149.730575, 158.883683;
150.995548, 133.841694;
154.064399, 156.094301;
155.424027, 150.912924;
146.052549, 152.911296;
152.205144, 144.980097;
151.056682, 158.909905;
150.357153, 155.135532;
153.531097, 149.028428;
153.524472, 152.737494;
143.523824, 141.876321;
153.229453, 164.558982;
149.845595, 147.354102;
162.026266, 168.939415;
150.663775, 158.595813;
145.868503, 137.430627;
157.028327, 161.413393;
151.930354, 155.953384;
153.511927, 161.443983;
147.220353, 160.385784;
154.062509, 153.658857;
150.401947, 156.469623;
147.828407, 148.097244;
157.555465, 150.750383;
155.200170, 152.474582;
148.391578, 153.358132;
154.625141, 151.809880;
154.038982, 150.825646;
145.110982, 139.412629;
148.617257, 142.173812;
149.848424, 164.960267;
146.193796, 152.783576;
159.880398, 150.595247;
151.703133, 143.541525;
148.586953, 160.164935;
149.754291, 153.587261;
150.864518, 150.687224;
163.287494, 168.499604;
149.295692, 153.759061;
155.398147, 153.282047;
144.371720, 135.839691;
151.894524, 133.716610;
145.269382, 139.482714;
150.185869, 150.806250;
150.344479, 157.176269;
144.860307, 143.304419;
144.706287, 148.565925;
151.080220, 145.119163;
154.817087, 151.104077;
148.309542, 157.506418;
146.796459, 159.452421;
151.594588, 152.023588;
145.514318, 140.650701;
144.086935, 147.787728;
151.484947, 155.576369;
153.651318, 161.750305;
154.109237, 152.052508;
148.802086, 160.683628;
148.280148, 150.398164;
153.329402, 155.339810;
149.697540, 156.422564;
149.062481, 157.294721;
149.977588, 153.785852;
149.304402, 151.958421;
152.712391, 139.248210;
148.156020, 151.962961;
148.053423, 143.752267;
150.141709, 143.058191;
155.559889, 159.664703;
146.408339, 146.734944;
149.698166, 157.753416;
150.905520, 130.666848;
149.500844, 145.549908;
150.934970, 151.954391;
143.957792, 148.284612;
148.233812, 159.652275;
149.069524, 155.966539;
150.372100, 146.321763;
149.934922, 146.111955;
149.099594, 162.023388;
152.602909, 144.811472;
149.258283, 145.208224;
161.864198, 171.384410;
151.226045, 147.669644;
145.445806, 151.116265;
151.214416, 146.947658;
155.464336, 151.580679;
144.942178, 139.257252;
150.645157, 141.001728;
153.169189, 157.737469;
144.155503, 155.096042;
148.783527, 160.898699;
152.125997, 156.958150;
147.579258, 140.905450;
146.808041, 153.843756;
149.327993, 153.367544;
158.144640, 152.321977;
151.063767, 141.412647;
155.293426, 150.706959;
150.605025, 156.805653;
150.472467, 143.680441;
153.259817, 152.301110;
148.135889, 146.932965;
155.397506, 151.077155;
144.065812, 135.767379;
150.685549, 154.301837;
143.247991, 134.265120;
153.596406, 141.884310;
155.413402, 152.557689;
149.221800, 142.869722;
147.641317, 150.916788;
151.078017, 145.523815;
154.682595, 143.125440;
152.116380, 156.478632;
149.734423, 158.915045;
151.416746, 150.991839;
149.632689, 151.740436;
152.185793, 155.397645;
155.485903, 152.347117;
149.371355, 155.176977;
150.413993, 153.783547;
149.169346, 153.498051;
150.517565, 157.514053;
150.425922, 157.019792;
148.586578, 159.768379;
148.170487, 156.057877;
150.210592, 154.868702;
151.048861, 152.647467;
149.963914, 153.284867;
151.051601, 154.494381;
151.644946, 155.825226;
155.407402, 152.675329;
154.149648, 143.363564;
149.862847, 158.449893;
152.877376, 151.337192;
151.565682, 157.614570;
150.076584, 161.488575;
150.941149, 146.868508;
148.563006, 158.890412;
154.237326, 155.574140;
152.215111, 157.197372;
149.146028, 128.363572;
147.352841, 158.103299;
156.953893, 163.258962;
149.313645, 154.600973;
150.105366, 160.818176;
148.957359, 160.303388;
151.518017, 158.465819;
148.497552, 154.893173;
148.190101, 156.470530;
154.600274, 152.702259;
148.370774, 160.965893;
147.875413, 145.684314;
146.619119, 150.091344;
148.251426, 127.562151;
150.816347, 160.497847;
152.432090, 129.451632;
153.990678, 142.814143;
146.948519, 150.972439;
148.870813, 155.784491;
163.276049, 171.238909;
154.838467, 148.058971;
150.670934, 143.296974;
153.708003, 162.363745;
149.618517, 158.805867;
150.612681, 151.878952;
150.538298, 155.223740;
154.211756, 151.386549;
152.926626, 156.601901;
150.997973, 148.701841;
150.704628, 152.867082;
149.430840, 156.237589;
151.202553, 157.090999;
141.301117, 141.082934;
149.006195, 154.211483;
151.230260, 147.940093;
163.023430, 171.376767;
150.256456, 156.611974;
142.586888, 148.216133;
150.137519, 160.034510;
145.303909, 139.335752;
148.250077, 142.917028;
145.677061, 148.691960;
141.408863, 138.397704;
153.103736, 152.569975;
153.810729, 152.781609;
151.282180, 153.262613;
162.318857, 169.220788;
152.723616, 157.733029;
153.574392, 142.567839;
147.182569, 157.304758;
147.885080, 162.843935;
148.328760, 153.257404;
151.169941, 142.436413;
150.954197, 157.624783;
150.177462, 153.446392;
155.083139, 151.701482;
162.859420, 170.957901;
153.263002, 153.127232;
149.506535, 120.066299;
