164.747724838404, 170.196171423176;
164.374679037324, 170.235421053541;
163.270470582752, 170.455676273199;
162.440969612717, 171.571552457914;
162.209660639461, 171.575483817165;
162.403613397229, 171.69256513682;
162.698935533733, 171.550904019642;
157.344222995128, 161.055524748109;
157.966362589695, 161.518250207546;
158.945631953467, 161.286212094185;
164.719209653776, 168.747610399154;
164.90209487797, 164.135032018675;
165.872508664055, 165.213384947027;
166.351468588626, 166.285675867911;
166.483716785083, 165.393868395538;
165.19639252776, 164.571259693771;
166.002277352261, 165.32184810427;
166.270866267306, 164.172720086609;
166.737145123304, 165.036684035952;
167.071603200549, 165.77883483228;
167.083631330865, 166.111518343659;
167.259956027374, 165.913884037146;
166.897504139015, 164.876901009808;
166.311196619139, 165.854489969612;
166.601077739054, 164.804131698012;
166.665382232841, 166.042984183044;
166.654374941113, 165.019022947207;
166.620361683798, 165.451377573583;
166.113560506269, 164.940003725306;
165.95138790979, 164.737244360658;
165.426555279432, 165.25501377045;
161.262862640289, 162.288127771296;
160.701496790962, 160.651111034414;
160.803937214264, 160.264151376713;
162.043163845249, 161.984580207015;
165.677353462716, 167.64241252901;
166.167086099487, 169.025943946793;
166.48734244941, 166.321450429224;
167.449697844574, 164.09357222345;
167.357026848576, 164.668519325547;
166.24696967774, 163.343813956296;
165.635276093413, 162.55833800806;
162.545171813762, 156.867890269084;
163.482415401891, 159.577058025473;
165.362716218638, 163.574101657762;
165.955370278142, 164.097849489077;
166.840772277291, 166.042847919937;
167.25052100392, 165.490511739465;
165.758492209904, 161.850415050263;
167.927619017388, 166.581905998357;
167.900168114468, 166.31162983154;
168.369682431868, 165.661595551102;
168.848577260677, 163.167611425066;
168.662474914518, 163.174169530109;
167.060608384595, 161.025241412293;
168.00604135679, 163.768849086197;
168.479201455772, 164.746763372558;
164.361688487942, 156.714057202452;
164.482572161834, 157.441407078456;
164.299880745678, 157.884221480616;
165.343614656445, 158.299493434875;
164.197742203803, 156.349599251641;
165.687206886361, 160.671296235854;
164.421760178869, 161.128720824166;
162.464463918675, 158.605845856469;
161.431602991511, 158.213264714738;
159.557509493852, 156.41371510829;
157.554928293798, 153.005592777284;
155.980495397377, 149.869111801013;
155.508155833604, 149.1183288044;
155.439571930965, 149.505765266047;
154.355576270339, 148.547215812121;
154.445894044811, 149.686479141746;
154.176228898478, 149.528920467435;
154.113294976327, 149.709050664087;
153.625527780547, 149.154405711165;
153.038782802381, 148.289317718027;
153.456028032852, 148.998270437913;
154.286672678673, 150.203715213947;
155.747496608039, 151.854329805627;
156.063896890261, 151.840436302458;
157.231839948296, 152.733263890351;
158.555442905803, 154.252125597579;
159.581754936582, 156.580696867302;
160.295035336461, 159.41924615234;
160.232942337811, 161.640555833167;
161.56962172871, 164.032434280865;
161.708246978537, 166.842217049388;
161.8648820125, 167.261510891602;
160.758540286554, 167.123516815207;
159.422723440333, 166.512103188201;
160.85046282642, 172.399727986147;
160.504106224861, 173.37208656152;
158.847126378796, 172.09723515764;
159.192815657184, 172.724160444087;
160.451794498604, 174.014685756225;
156.769104815334, 169.564155406588;
156.494330963129, 170.712057691082;
155.976748049049, 169.983303182466;
156.584696676667, 171.690605290996;
155.630016258096, 171.627821349914;
154.498328597979, 170.02485089725;
154.433732758192, 167.496997140414;
154.667003824471, 159.569944813594;
154.943239787128, 158.372801546179;
157.868606275649, 158.736515079895;
162.234022122295, 162.235693685198;
167.693992673307, 166.164838543485;
169.472939948101, 166.01507358614;
169.012484335267, 165.490006304892;
170.48849443869, 164.734340443569;
171.647552752213, 165.225241056495;
172.989330154144, 166.139857672035;
173.518264170994, 166.406481641501;
172.842527161825, 166.609073111939;
170.043907756213, 166.720228999952;
168.873791615649, 166.443587672159;
167.378277809528, 165.766998455581;
167.675493736933, 168.209542375955;
167.380659267658, 168.601462999705;
167.025169619598, 169.647279762118;
165.96423647209, 164.366074911634;
164.820644399239, 165.569483609422;
163.194777110319, 164.018687336096;
161.559001348188, 162.043038458102;
167.344346914063, 164.861053338321;
173.069183888179, 171.844608168421;
174.035750777927, 172.975972430321;
174.257175553799, 171.104075817816;
171.336819384515, 169.48776067147;
169.960410560273, 168.367017913633;
172.11002647035, 168.701494603731;
170.431156913685, 167.469875727676;
169.290150233736, 166.84118114032;
168.179360925744, 165.728427867826;
166.899882380867, 164.789760983518;
163.567533383428, 160.146495534933;
161.080572654189, 159.226517639829;
158.041974732823, 155.1423426238;
156.474656383322, 152.98984856782;
155.257039173254, 151.103517861998;
154.646995275181, 149.458657752828;
152.70512318469, 146.277786580685;
151.698023220846, 145.122058189804;
151.792768274154, 145.456304274183;
152.837278307468, 149.124159269085;
153.510497629138, 150.818074137761;
156.117547636894, 154.720502330535;
158.572712762151, 158.720018420345;
160.946947431967, 162.43804042999;
160.969198749142, 164.182401765577;
160.62524333224, 166.008192841136;
160.584251156339, 166.031739814735;
159.52952962739, 164.754330685161;
159.623991524527, 167.994243212013;
159.219303735641, 169.284579697916;
158.488399918469, 169.263460100132;
156.425042723713, 172.405275800179;
157.121729785669, 174.445573337059;
157.329287897632, 175.89570221561;
157.471299696066, 175.045453296093;
157.687638265797, 174.942046519515;
158.319695087263, 174.353273322116;
159.137362901972, 173.391736935998;
160.307749758184, 171.924961657186;
160.743694020339, 172.098304389842;
161.123582998763, 172.61144277263;
158.111624952988, 165.381108142872;
160.089750594902, 165.78026942047;
162.150983527542, 165.57261097982;
162.560873511837, 163.94549497411;
163.138132613799, 163.782158734118;
163.257854760093, 163.197474760807;
163.694017360222, 163.476574215885;
164.442129549911, 163.818231042793;
164.531446140154, 162.332139596154;
164.803476299066, 162.784709889166;
165.464435877749, 162.722634026144;
166.019828797679, 161.540205517415;
167.131893614841, 162.145396381299;
169.162622075062, 165.777453326439;
169.481304337776, 166.973406321001;
169.21594987845, 168.688791591888;
170.325257356136, 169.883148550285;
170.765233207045, 168.314363328192;
169.738328144367, 169.674119104045;
171.197439913084, 170.224020703849;
168.734466326875, 170.178395740759;
172.87018533048, 173.214587730983;
173.155269472805, 169.950553567138;
173.061703977569, 173.162039815501;
172.736678330855, 169.182650405697;
168.216637614482, 167.011525467963;
168.841128626082, 167.169278077517;
168.176374335522, 166.227424243464;
168.226488375976, 166.143364340835;
167.895631597082, 165.598922379387;
167.176712709984, 164.754968059051;
167.857411500374, 165.142658292835;
168.152402789259, 165.300343763394;
164.747724838404, 170.196171423176;
164.374679037324, 170.235421053541;
163.270470582752, 170.455676273199;
162.440969612717, 171.571552457914;
162.209660639461, 171.575483817165;
162.403613397229, 171.69256513682;
162.698935533733, 171.550904019642;
157.344222995128, 161.055524748109;
157.966362589695, 161.518250207546;
158.945631953467, 161.286212094185;
164.719209653776, 168.747610399154;
164.90209487797, 164.135032018675;
165.872508664055, 165.213384947027;
166.351468588626, 166.285675867911;
166.483716785083, 165.393868395538;
165.19639252776, 164.571259693771;
166.002277352261, 165.32184810427;
166.270866267306, 164.172720086609;
166.737145123304, 165.036684035952;
167.071603200549, 165.77883483228;
167.083631330865, 166.111518343659;
167.259956027374, 165.913884037146;
166.897504139015, 164.876901009808;
166.311196619139, 165.854489969612;
166.601077739054, 164.804131698012;
166.665382232841, 166.042984183044;
166.654374941113, 165.019022947207;
166.620361683798, 165.451377573583;
166.113560506269, 164.940003725306;
165.95138790979, 164.737244360658;
165.426555279432, 165.25501377045;
161.262862640289, 162.288127771296;
160.701496790962, 160.651111034414;
160.803937214264, 160.264151376713;
162.043163845249, 161.984580207015;
165.677353462716, 167.64241252901;
166.167086099487, 169.025943946793;
166.48734244941, 166.321450429224;
167.449697844574, 164.09357222345;
167.357026848576, 164.668519325547;
166.24696967774, 163.343813956296;
165.635276093413, 162.55833800806;
162.545171813762, 156.867890269084;
163.482415401891, 159.577058025473;
165.362716218638, 163.574101657762;
165.955370278142, 164.097849489077;
166.840772277291, 166.042847919937;
167.25052100392, 165.490511739465;
165.758492209904, 161.850415050263;
167.927619017388, 166.581905998357;
167.900168114468, 166.31162983154;
168.369682431868, 165.661595551102;
168.848577260677, 163.167611425066;
168.662474914518, 163.174169530109;
167.060608384595, 161.025241412293;
168.00604135679, 163.768849086197;
168.479201455772, 164.746763372558;
164.361688487942, 156.714057202452;
164.482572161834, 157.441407078456;
164.299880745678, 157.884221480616;
165.343614656445, 158.299493434875;
164.197742203803, 156.349599251641;
165.687206886361, 160.671296235854;
164.421760178869, 161.128720824166;
162.464463918675, 158.605845856469;
161.431602991511, 158.213264714738;
159.557509493852, 156.41371510829;
157.554928293798, 153.005592777284;
155.980495397377, 149.869111801013;
155.508155833604, 149.1183288044;
155.439571930965, 149.505765266047;
154.355576270339, 148.547215812121;
154.445894044811, 149.686479141746;
154.176228898478, 149.528920467435;
154.113294976327, 149.709050664087;
153.625527780547, 149.154405711165;
153.038782802381, 148.289317718027;
153.456028032852, 148.998270437913;
154.286672678673, 150.203715213947;
155.747496608039, 151.854329805627;
156.063896890261, 151.840436302458;
157.231839948296, 152.733263890351;
158.555442905803, 154.252125597579;
159.581754936582, 156.580696867302;
160.295035336461, 159.41924615234;
160.232942337811, 161.640555833167;
161.56962172871, 164.032434280865;
161.708246978537, 166.842217049388;
161.8648820125, 167.261510891602;
160.758540286554, 167.123516815207;
159.422723440333, 166.512103188201;
160.85046282642, 172.399727986147;
160.504106224861, 173.37208656152;
158.847126378796, 172.09723515764;
159.192815657184, 172.724160444087;
160.451794498604, 174.014685756225;
156.769104815334, 169.564155406588;
156.494330963129, 170.712057691082;
155.976748049049, 169.983303182466;
156.584696676667, 171.690605290996;
155.630016258096, 171.627821349914;
154.498328597979, 170.02485089725;
154.433732758192, 167.496997140414;
154.667003824471, 159.569944813594;
154.943239787128, 158.372801546179;
157.868606275649, 158.736515079895;
162.234022122295, 162.235693685198;
167.693992673307, 166.164838543485;
169.472939948101, 166.01507358614;
169.012484335267, 165.490006304892;
170.48849443869, 164.734340443569;
171.647552752213, 165.225241056495;
172.989330154144, 166.139857672035;
173.518264170994, 166.406481641501;
172.842527161825, 166.609073111939;
170.043907756213, 166.720228999952;
168.873791615649, 166.443587672159;
167.378277809528, 165.766998455581;
167.675493736933, 168.209542375955;
167.380659267658, 168.601462999705;
167.025169619598, 169.647279762118;
165.96423647209, 164.366074911634;
164.820644399239, 165.569483609422;
163.194777110319, 164.018687336096;
161.559001348188, 162.043038458102;
167.344346914063, 164.861053338321;
173.069183888179, 171.844608168421;
174.035750777927, 172.975972430321;
174.257175553799, 171.104075817816;
171.336819384515, 169.48776067147;
169.960410560273, 168.367017913633;
172.11002647035, 168.701494603731;
170.431156913685, 167.469875727676;
169.290150233736, 166.84118114032;
168.179360925744, 165.728427867826;
166.899882380867, 164.789760983518;
163.567533383428, 160.146495534933;
161.080572654189, 159.226517639829;
158.041974732823, 155.1423426238;
156.474656383322, 152.98984856782;
155.257039173254, 151.103517861998;
154.646995275181, 149.458657752828;
152.70512318469, 146.277786580685;
151.698023220846, 145.122058189804;
151.792768274154, 145.456304274183;
152.837278307468, 149.124159269085;
153.510497629138, 150.818074137761;
156.117547636894, 154.720502330535;
158.572712762151, 158.720018420345;
160.946947431967, 162.43804042999;
160.969198749142, 164.182401765577;
160.62524333224, 166.008192841136;
160.584251156339, 166.031739814735;
159.52952962739, 164.754330685161;
159.623991524527, 167.994243212013;
159.219303735641, 169.284579697916;
158.488399918469, 169.263460100132;
156.425042723713, 172.405275800179;
157.121729785669, 174.445573337059;
157.329287897632, 175.89570221561;
157.471299696066, 175.045453296093;
157.687638265797, 174.942046519515;
158.319695087263, 174.353273322116;
159.137362901972, 173.391736935998;
160.307749758184, 171.924961657186;
160.743694020339, 172.098304389842;
161.123582998763, 172.61144277263;
158.111624952988, 165.381108142872;
160.089750594902, 165.78026942047;
162.150983527542, 165.57261097982;
162.560873511837, 163.94549497411;
163.138132613799, 163.782158734118;
163.257854760093, 163.197474760807;
163.694017360222, 163.476574215885;
164.442129549911, 163.818231042793;
164.531446140154, 162.332139596154;
164.803476299066, 162.784709889166;
165.464435877749, 162.722634026144;
166.019828797679, 161.540205517415;
167.131893614841, 162.145396381299;
169.162622075062, 165.777453326439;
169.481304337776, 166.973406321001;
169.21594987845, 168.688791591888;
170.325257356136, 169.883148550285;
170.765233207045, 168.314363328192;
169.738328144367, 169.674119104045;
171.197439913084, 170.224020703849;
168.734466326875, 170.178395740759;
172.87018533048, 173.214587730983;
173.155269472805, 169.950553567138;
173.061703977569, 173.162039815501;
172.736678330855, 169.182650405697;
168.216637614482, 167.011525467963;
168.841128626082, 167.169278077517;
168.176374335522, 166.227424243464;
168.226488375976, 166.143364340835;
167.895631597082, 165.598922379387;
167.176712709984, 164.754968059051;
167.857411500374, 165.142658292835;
168.152402789259, 165.300343763394;