165.184281481492, 167.254983661867;
165.111464578955, 167.317908714882;
165.034717183014, 167.367917751825;
164.860066462435, 167.381536989519;
164.767044514889, 167.345618911256;
164.814744321731, 167.399190952362;
164.789966738461, 167.374603091007;
164.727955115585, 167.335736606708;
164.780658305397, 166.994986685834;
164.824828283261, 167.046866648692;
164.816123411848, 167.033013306856;
164.861162709684, 167.258563098293;
164.796920342611, 167.259473057283;
164.733084069675, 167.235817054019;
164.552357068436, 167.338770088959;
164.350221290008, 167.238339729248;
164.298553626683, 167.348521994083;
164.615658599989, 167.766962373809;
164.200569476323, 167.903065335287;
163.510560232026, 168.177122447786;
157.260938562557, 160.943418416229;
154.899769249848, 161.159007978291;
156.016953618752, 166.0347434683;
155.67555673309, 168.645031557658;
156.171368504536, 165.897212153308;
155.978797529767, 163.304053507824;
156.394988989439, 161.653641139797;
157.589331325908, 161.183765810814;
163.146991602709, 168.274029364125;
163.236088616193, 167.069899715398;
163.878428024182, 166.588972172439;
166.671029803068, 167.037317468635;
166.043625916035, 167.863564321117;
166.178775012674, 168.294143368459;
160.887796947883, 158.865926630812;
160.450470820993, 157.749325738659;
166.028667473578, 168.727706779455;
158.051719863772, 156.538396648722;
164.609427565457, 167.496899714787;
163.817180660836, 167.528222565497;
163.224306601446, 168.064196932;
155.803734222668, 157.769908834545;
156.398861961912, 159.447225144156;
156.009029167217, 160.389914762417;
156.259734781144, 162.508407199665;
155.386886779229, 163.375567041323;
154.682008693197, 163.079783584281;
153.73214479945, 167.163936800158;
154.151715033645, 165.684350626231;
154.298247092308, 168.640065013948;
154.309742277091, 167.733799822867;
153.771648941325, 162.2095982766;
154.92193197438, 162.114927065355;
156.598387116861, 163.914094394546;
156.478451674371, 161.314376819775;
156.042800047941, 160.212086411043;
154.21855316999, 151.112461872597;
158.89836442063, 155.431984765326;
158.901953637928, 154.388593957487;
162.853021278359, 163.828928643829;
153.44670737435, 149.899914180804;
153.760287450942, 151.218549979438;
153.58660350371, 151.584759879758;
154.660974983836, 154.016696116508;
155.026953529059, 155.214391840962;
154.696763903605, 156.10757618177;
154.445593828696, 156.535590211726;
155.55846859331, 159.591655293113;
155.614053876232, 161.181187061556;
154.027552058021, 160.159074950029;
154.781583006795, 161.593707787119;
154.917846705916, 160.763699818204;
155.587544203394, 159.162664730589;
155.241249709118, 157.227399691221;
157.886633922406, 161.358868293263;
157.121059859587, 158.556566150124;
154.911924902788, 155.110231584719;
154.323217952512, 154.411333758533;
154.562267105972, 154.611588312194;
154.303028340209, 154.367118833439;
154.574930600711, 154.851292506858;
156.582159566275, 158.007469931653;
154.842272944687, 158.14873274521;
155.891142282839, 160.628989304194;
155.113078849495, 160.39600896839;
155.377611930503, 163.888647052518;
155.180810950462, 162.195384460204;
155.565937337168, 162.401970495511;
155.703884758623, 162.744188131773;
155.446242070826, 160.341734448558;
155.121097455487, 159.45095965094;
157.471294517237, 162.878749140215;
157.355169119795, 161.198337539875;
155.830872028661, 158.359368735117;
154.804821187815, 156.68849708096;
154.124347298025, 155.036780795855;
154.261998432201, 154.586271472111;
153.490959364738, 152.237746996992;
153.890459569945, 152.271334499115;
162.631192353794, 166.306685825763;
154.728620717386, 155.227174335297;
156.032626390682, 157.186526462409;
155.905083266184, 158.501357411143;
154.454555402146, 158.376661467154;
155.32423460722, 164.589297490235;
153.983843101872, 162.905991781445;
154.962133422934, 164.021308107773;
155.027797438591, 164.98667600163;
155.349312213321, 162.174646321667;
155.197801432494, 160.286627726427;
157.579731418508, 164.400808361282;
156.674403895723, 161.355939829525;
154.546649904922, 157.570844259738;
153.896068409858, 155.158602182667;
153.83257253249, 155.08729611827;
153.514579443559, 155.09043783966;
153.515901463033, 155.457826309841;
153.722021401922, 154.889810561198;
154.089150823598, 155.587547247697;
154.080564061093, 155.710799153791;
153.788114396859, 156.196224830011;
153.80203126173, 156.923564955347;
156.615007079372, 163.045233355947;
153.796487871853, 160.545666326167;
153.592296231818, 163.190855501792;
152.988045278058, 164.512819319462;
152.941226957996, 164.744210146703;
152.971529792208, 166.547358819016;
152.406844824345, 164.356623546295;
152.724461285623, 165.101044450815;
152.847180049403, 164.274943891974;
153.453353893244, 163.526051795922;
152.909907266782, 160.815016456782;
152.827817198453, 159.843163551919;
153.21950898944, 159.555566111955;
155.618039808533, 163.680311928341;
156.05667652881, 163.34468691363;
155.384603754686, 161.580270983312;
155.484888933056, 161.568560235008;
155.045416764238, 160.474536342516;
155.815629473731, 161.811824204494;
155.177714627849, 160.985581539675;
153.949023326715, 159.701174291858;
153.580323177145, 160.701482318143;
153.600400511768, 163.137135277995;
154.604898572802, 165.090285581622;
154.644148675363, 165.721043116214;
156.627595382381, 168.699867709222;
156.523438260853, 168.478615571439;
155.326343095253, 167.114877199709;
155.21174198693, 167.023623277738;
154.901995388225, 166.649593334956;
154.721672136573, 166.579820078965;
155.759879468679, 167.779856190096;
154.628398936401, 166.049495288206;
154.543038172085, 165.628476852427;
154.354370828805, 164.884612728178;
154.325532093334, 165.095734534302;
154.356503991619, 164.334113991636;
154.323705666771, 165.913394829378;
154.47393183275, 166.120424474734;
154.849934823249, 166.804483648047;
154.218793350931, 167.398660315285;
153.105654929153, 168.88066992294;
152.411100116392, 171.400544606926;
152.340299307209, 172.662964890314;
151.890140559876, 173.685440206854;
151.441904911914, 173.384280121044;
151.430626329097, 173.06631897882;
151.615349882487, 172.272864918146;
152.235908309968, 170.559021488184;
154.586721755435, 166.494220632983;
155.196855224806, 163.722799965265;
155.423514310832, 164.322095027383;
155.283331127309, 163.572101546047;
155.454265770012, 163.305717582101;
153.147681137501, 156.808232256791;
154.359415748976, 160.245365018304;
153.811882811348, 160.755386789463;
144.363159860398, 138.184235477018;
159.807346015199, 168.884962073048;
154.553610275706, 160.095118377159;
155.078041556143, 160.343079345768;
154.782446977827, 160.521180524618;
154.531249127152, 160.850763779208;
154.049660031484, 160.824623444931;
159.862674085435, 168.824395496071;
159.495254516489, 170.481668030148;
154.187369382186, 163.537969567206;
154.021916798145, 162.953184887521;
154.878000677676, 164.997777475586;
154.408277240926, 165.976954004441;
154.307657936238, 165.748171832872;
154.115840280709, 165.772821327247;
153.856424401614, 165.904487813735;
153.697737578123, 166.229546409531;
153.510816972664, 166.314697855814;
153.429935744182, 166.6700908664;
153.009666419538, 166.759640909201;
152.756139224501, 167.293722999533;
161.569870580797, 169.459591703175;
161.569195625608, 169.851681040021;
161.388674449784, 170.292167872193;
161.395637616324, 170.146031665008;
161.357739083917, 170.14721225657;
161.391852721397, 170.146574421263;
161.157350090707, 169.833933509749;
160.300729190179, 169.320547485442;
156.235638104996, 164.945518916615;
160.736538482695, 170.343650032269;
157.493003093205, 164.030444336649;
162.170870201145, 168.096041019328;
156.235851786862, 159.550275560542;
162.899704981409, 168.083267469011;
157.678132727868, 160.010075337392;
163.721738918599, 166.759525704203;
162.263813106807, 163.775524377959;
169.954295860366, 178.840652890811;
169.357138555361, 178.528794844267;
163.791092576549, 164.709763941261;
166.274632349559, 169.286394804484;
166.03722480929, 169.196072009617;
166.429183827842, 168.767168386032;
166.752086273438, 169.585110556335;
160.902151721041, 163.069800682698;
156.54125799531, 158.289362330873;
156.700773150828, 161.117798677967;
156.843329395521, 162.829795331629;
156.106147332822, 163.680538381882;
156.722505211822, 166.983932405643;
154.920337511153, 164.579105810905;
154.574141703013, 168.956824192119;
156.175151511739, 173.298211443787;
152.556837617963, 171.307648716124;
152.030374712052, 172.283693726023;
151.614021449829, 172.135202086897;
151.535984121446, 172.066310797957;
151.555283105774, 172.031491484565;
151.770633248702, 171.574521942159;
152.458799247745, 170.755613303368;
157.310651707265, 173.160078302642;
158.70523020693, 171.016509471654;
159.812335665462, 170.344788629082;
157.244114616251, 165.332890076397;
161.920179946318, 168.884784205854;
157.82305733046, 162.855702133988;
157.017090769831, 160.437489127725;
162.927558629831, 168.303393349546;
156.776522026641, 158.802014761232;
162.729890080204, 167.969954765279;
156.735447556969, 159.397422628126;
156.705004342191, 160.214724308739;
157.090165307262, 162.249828077052;
157.057399084869, 161.844956858199;
157.135933301497, 162.822647321083;
162.000418395104, 170.524710390573;
158.006113033236, 165.570610976551;
156.330440923286, 162.899166347447;
157.477831026099, 165.158083739265;
157.553846150077, 165.524812098653;
158.195494252618, 166.575787755848;
156.401730163492, 163.398232998525;
156.655538141255, 163.75921455686;
156.503371425205, 163.745656535106;
156.518448569096, 163.859339413692;
157.642427522473, 166.357676258008;
155.257922074719, 162.633960833952;
156.106177977639, 165.435104221401;
155.835563459968, 169.235947207474;
157.736144640232, 171.184882773925;
154.152691717207, 168.376090098652;
156.527338603114, 171.993352681928;
155.917980538261, 172.694980775108;
152.170235497133, 171.348964065786;
152.118532087384, 171.068900567133;
152.08848586215, 170.975722017728;
152.033324587542, 170.825979271352;
152.012252626562, 170.222443748934;
155.263751281798, 173.937298639985;
155.977765003815, 173.218839652715;
156.614616568344, 172.149161147704;
157.624559267822, 171.695397633927;
157.739304029332, 171.327887581304;
155.421260506072, 168.402462601033;
154.874175082076, 166.482535961778;
155.264841088736, 165.466324041581;
156.693811019385, 167.178664649741;
156.380402433972, 165.459933640821;
156.286287416016, 164.413986579877;
155.728421905415, 162.428084684943;
155.355938254237, 160.923046882636;
156.036089148192, 162.882594299908;
156.145130247606, 162.116037731637;
159.67248075813, 168.210570154959;
157.138632131812, 162.584144165313;
156.33935208298, 160.973212119414;
156.364548217896, 160.598550331883;
157.771657261239, 162.38224803782;
161.750552696419, 169.254728036227;
162.343327064876, 170.481771897829;
159.543547829409, 164.690573840581;
161.694806855771, 170.011277416683;
161.697369829797, 170.014021062213;
159.499443528556, 165.277852237296;
155.985563589354, 160.023871280233;
159.232458238029, 165.76691383292;
157.646710845649, 163.239990335561;
157.739454970696, 164.085013295356;
158.995908039432, 166.96296767;
155.52566103675, 161.324071147512;
155.620039430435, 162.030495481124;
155.089512938343, 160.930217838266;
154.955994025578, 161.100187859174;
155.264527847905, 161.724540481255;
155.174117418163, 161.308960428564;
155.412489452564, 162.132872649375;
155.203603949597, 162.792375568276;
155.450091891366, 164.898486117284;
155.456859837489, 164.959627736916;
155.562873428727, 164.814097537127;
155.076327255771, 164.013430659045;
154.53948130524, 163.2637789406;
154.436910281428, 166.920190281404;
154.012453223827, 165.840239215636;
154.203001998165, 167.937690303876;
154.268813524992, 168.104676873305;
154.493393788795, 168.431413112088;
154.729238728923, 168.545609332718;
154.787256468975, 168.614761640006;
154.135763223723, 166.373835512968;
154.687402791936, 166.473778655195;
155.986941315224, 167.432214224511;
155.110736277743, 164.671829402506;
154.867867108373, 161.829564166434;
154.659835038403, 161.384424212281;
155.060546490436, 162.887209369788;
154.74724081721, 162.515422282521;
154.667085096189, 161.700505065647;
154.25091517436, 161.478062081678;
154.377824630232, 161.448489140793;
154.403455776089, 161.023702707629;
154.379841816593, 160.886536451259;
154.491207864103, 161.015640912992;
154.402218739096, 160.504312580873;
156.623781733852, 162.476898234028;
157.066932701278, 163.101116651951;
157.062421035531, 162.958931653662;
154.769752734885, 161.256531742177;
154.369477786521, 160.687703318639;
154.336648445159, 160.917963523153;
154.133408526621, 161.011360205069;
153.773406631153, 161.42232549037;
153.850704907049, 162.322692432567;
154.064969291784, 163.546005083906;
154.776880238916, 163.537007215176;
154.519941630491, 163.697964338805;
153.988955397916, 163.321111587419;
154.323546803483, 164.937207478236;
153.939273561462, 164.426196368028;
153.683809462263, 164.083116771017;
154.571351961998, 165.776168362494;
153.116934883544, 163.360163077781;
153.084752746219, 163.397346120251;
153.270883229101, 162.567436868632;
153.660043392713, 163.85463412006;
153.816053137696, 162.76284301214;
154.031006665032, 162.732190090436;
153.365544072316, 162.115647971048;
153.090399805914, 161.199218733804;
153.242324042439, 161.271476842807;
153.47423502588, 161.988322211011;
153.565988692901, 162.177716940657;
153.38025877368, 161.525029525066;
153.469590632444, 161.622002131678;
154.806780513104, 164.013052189461;
153.324603920464, 161.217156457689;
155.528176534299, 162.647244931349;
156.056949361827, 164.119786217877;
156.19822514719, 163.264910080058;
156.383784801539, 163.384367919708;
158.856053067732, 169.666257581294;
156.35946177332, 164.37109015994;
157.805680894807, 168.161449744648;
153.494160871145, 160.858473065173;
153.049078139822, 161.802123633238;
152.639809716906, 162.567363017542;
152.311378241267, 164.079567661304;
152.261670979019, 164.056094433149;
152.772677350197, 164.115758839987;
152.5234217378, 165.187294168228;
152.412560634258, 165.015707044155;
152.012452123499, 164.641050116883;
152.122056158477, 164.698320325554;
152.19396492637, 164.722894988345;
152.168273872616, 163.540469477463;
152.25966790305, 164.232261640038;
152.364459925078, 164.938775345671;
152.445567342787, 165.033400714337;
152.51892272433, 164.495466441316;
151.939590401874, 162.963407757881;
160.591517453687, 160.108311273922;
160.671182705192, 161.014380810001;
160.123706749996, 160.756781505035;
159.625892618528, 160.480020043949;
159.409867688419, 160.0685820295;
159.405819170726, 159.969696565112;
159.326997294781, 159.694371360236;
159.296382574203, 159.74412395559;
159.545316601314, 160.00208519289;
159.927805160261, 160.553232869412;
159.862449408677, 160.380896249331;
159.718748409184, 159.392202701686;
160.635966244181, 160.125485564994;
162.96493213141, 163.079830078678;
164.076063474448, 159.420720234435;
164.063803346234, 160.068669975677;
163.867435013559, 159.853981051524;
164.927919038762, 160.421762653803;
165.987738628757, 161.476775213187;
171.537604694778, 161.941490353162;
177.938134587432, 167.548402376619;
178.543961548689, 168.371200694204;
178.367924527868, 166.286187872251;
176.657102513015, 165.893481328024;
172.460066111496, 160.802579508736;
174.700119699721, 164.797146195271;
174.22941689909, 165.195446440313;
173.89650297201, 165.284276465339;
173.693787696978, 165.329748705316;
173.594978388599, 165.438396892141;
173.3215777249, 165.651966594336;
173.080178813822, 165.2305996258;
171.879798117501, 163.890965969482;
167.745612479274, 158.481070643688;
170.60408950017, 162.960870644468;
170.590660493994, 163.510177765754;
170.99169322649, 163.457372179913;
171.261986619877, 163.486606266374;
171.475560284241, 165.103051231147;
171.758571485355, 164.913969535586;
171.820528218489, 163.821067583802;
169.621524197794, 161.373239025811;
168.24203714372, 160.179262403865;
170.409331631572, 163.810976906744;
170.188686438206, 163.711570243045;
169.939467326596, 163.837789931339;
169.871550273674, 164.992596051861;
167.412678732492, 159.654792499488;
168.827716144518, 163.658814632527;
165.944178908789, 159.229632606934;
164.812658374291, 159.781831678984;
165.890244018117, 167.309086734107;
160.082608150025, 155.873487414768;
160.272938411793, 156.9065425458;
159.551975989954, 156.065927665911;
164.719554461952, 164.299606770035;
163.498041528082, 162.554351368353;
163.033161987006, 162.124054125466;
162.631483171126, 161.978702613002;
153.835757118082, 152.451787725254;
153.429871214466, 151.393278708044;
160.956829929389, 163.025243828357;
160.832925446288, 162.761802479089;
151.206244099597, 148.815670259878;
151.347510417199, 148.507416264781;
151.123698166564, 149.18019282254;
151.334092191406, 149.024832110748;
151.36229544247, 149.419196145713;
160.313678549456, 163.085523123741;
159.868523392695, 163.657425409585;
159.504542197495, 163.707951935661;
151.954508771265, 152.80339528827;
151.206870556815, 153.319473915223;
151.226287013353, 156.678482382931;
152.077061948926, 159.386072133551;
151.985277347254, 160.330181541792;
151.88703335018, 160.821794433652;
151.646974338338, 161.319356419448;
151.409004864697, 161.561174732089;
151.148376213659, 161.426164661782;
150.890291069978, 161.32035230412;
150.863433249516, 161.486832803125;
150.921285042854, 161.865211694928;
150.858871647732, 161.966002638426;
150.695361430877, 161.218962291348;
150.817856091982, 161.008382257297;
150.810074672723, 160.543909464592;
150.242462136723, 157.745473135518;
150.426828290433, 158.716921600422;
151.31732473214, 160.186028505976;
153.473444344947, 161.001666995148;
155.536154290667, 160.018392100262;
156.847055013118, 160.044012073565;
156.754930589995, 159.77739992382;
156.909943917364, 160.226403497954;
156.610714464834, 160.367355156511;
157.678059435492, 162.860541615395;
156.320751911081, 160.260796412443;
156.154175391181, 160.114010581704;
156.135635718595, 160.511032734779;
156.040022096216, 161.648830587747;
155.907365615384, 161.814550676106;
155.712336609682, 161.790275530897;
155.47156676759, 162.11021005643;
155.324455005586, 162.450717645116;
155.375414713883, 162.631551707054;
155.618538471483, 161.95113209775;
156.159554026821, 160.934857748921;
156.719700050529, 160.80141641112;
156.580022408415, 160.48590954816;
156.706418611798, 160.614872501129;
162.294299469946, 169.199869297365;
156.425005444488, 160.479483612503;
155.455437705671, 157.728989869706;
155.257509063115, 160.78106507838;
154.480288310437, 160.460582323052;
153.959698946693, 161.453986701718;
153.886621245672, 161.414784503037;
153.621170475384, 163.566496293399;
152.159452383708, 161.570758650265;
152.096056123155, 161.155580623328;
152.023078317407, 160.751649691665;
151.418260647372, 158.829534299665;
151.520192677072, 158.420765314601;
151.194281293549, 156.870263638706;
150.93168877628, 157.573908656339;
151.026571133714, 157.814962847913;
151.316627426769, 158.37388648501;
152.741292622605, 160.331342881816;
154.765691481445, 162.108166266421;
156.188926763472, 160.773364624827;
156.884028614451, 159.761902594302;
158.309853278165, 159.780658985456;
158.944897705625, 159.273955488445;
162.350839033134, 159.350523743303;
163.471609402255, 161.628869526838;
161.056815155126, 159.073371107209;
165.178725923265, 166.994958537858;
158.935640832861, 160.227923193192;
158.80699298672, 160.8864538793;
158.319108563285, 160.225889781995;
158.219989993196, 160.418183800656;
157.985605775245, 160.180458714512;
157.629025447386, 159.469973634843;
157.938678332577, 160.27843041424;
155.448698514526, 157.485699935964;
153.741961877923, 156.694770712991;
151.611619823976, 152.769671075304;
149.99932944294, 150.494543853732;
148.737508807797, 150.484480308858;
147.900767091526, 150.329761310354;
147.54168926437, 150.639547723179;
147.497689936363, 151.288131555764;
150.463121963299, 156.035647512385;
153.390044337655, 159.450404868851;
154.729957653225, 159.954888887052;
155.45498524137, 160.377517890529;
155.935716018156, 160.884182759245;
156.31138433715, 161.671930359305;
156.026968717146, 160.603117301054;
161.023555324535, 164.547608351305;
163.692893324111, 163.742957945292;
166.231280749201, 164.237848197074;
169.498468900253, 169.156874442918;
169.100022476946, 167.767507885871;
169.804864398698, 170.934349024514;
164.757172200553, 164.711208595189;
163.425288241273, 168.612585319219;
162.106199222984, 168.258847923446;
160.402200485614, 166.654286350131;
160.659560178738, 167.116272109171;
155.372399845272, 164.365871217247;
154.777552625552, 165.0495384623;
154.169895348272, 164.669664485963;
155.932156420778, 166.64291355755;
158.330485807773, 170.21688594992;
158.046680787738, 170.340304332844;
153.849483803565, 166.592001014652;
153.765132097518, 166.339012491542;
155.703184649848, 169.815241364183;
155.679271002827, 170.97076549487;
155.095551874546, 171.53984972666;
155.405308902279, 172.157363884458;
155.010557133803, 171.73688850675;
155.222030549216, 172.000922064999;
155.779041941844, 172.036904862595;
154.143010730598, 167.254293528218;
150.890526433226, 161.969102014854;
154.225839980616, 160.343603216721;
160.928124065565, 165.953697686453;
160.270407440548, 161.369832095437;
161.576292671617, 162.260948400349;
162.423194049531, 163.234440816439;
162.553000323778, 164.016717404929;
161.424086981073, 163.791842661827;
158.466706682046, 162.593113662078;
159.229823944682, 162.315673416878;
161.022483951165, 164.849310590413;
162.076330970445, 163.792779938797;
162.132821582801, 163.544325847869;