89.4302630680518, 94.0259881554036;
88.9725632051586, 95.6005180469104;
88.3722426495684, 91.613490737209;
88.0875769767662, 94.5801245391423;
86.9694467229706, 90.5317467475737;
86.4682088517528, 90.2100518547822;
85.7588119113773, 88.9480773026269;
85.5749730328866, 84.9498613770918;
85.5776093071419, 87.3374480231123;
85.3987888227444, 83.2469841463362;
85.3104966186362, 83.3247560122159;
85.1699668139113, 83.8797373894747;
85.3085239341616, 83.9806444824742;
85.105787172691, 84.1615588575826;
85.0657027100779, 84.7782474997894;
85.1205225251241, 86.0042766927412;
85.6893504962387, 88.1597776497906;
86.4862302289034, 93.0590827634491;
86.4708896600297, 90.5184748419112;
86.2562224863542, 90.5354533917519;
86.5727761556713, 93.3938469543393;
86.7980286736712, 93.8095445662405;
86.8971014363565, 93.3242415062985;
86.5056422915478, 93.4229626526704;
86.5580855333519, 90.6952426802969;
86.9439316499546, 90.8254785312066;
87.3273410620638, 90.9329621848913;
87.5609753179941, 96.1169824310916;
87.7771734871443, 96.6056129968754;
88.4331473363504, 97.7022448175355;
88.6616945254981, 98.5031164666878;
89.2432884192206, 99.1500620930387;
89.1183527479809, 99.9862396103094;
89.0866251172698, 101.114984291419;
89.2691559281654, 101.828504070333;
89.318688598276, 101.826065369161;
89.2281577928475, 102.034109876864;
88.9907946856478, 103.084693481774;
89.1110417606664, 104.302838160902;
88.7555293980999, 105.085251767059;
88.5445203555854, 102.625385058433;
88.4968162058743, 107.080484850015;
87.4518538288414, 107.163426978557;
87.3798440221678, 107.288798550436;
86.4660069101253, 104.106557776065;
86.2445702234266, 104.379539052913;
85.8580443385472, 104.247904957283;
85.6686491169581, 104.693996753962;
85.5963477630621, 105.941246811748;
85.6033485300714, 106.072417731514;
85.6408290139997, 106.393928749942;
86.0023867806927, 106.851896011724;
86.1549137555403, 108.19523880823;
87.2092247798451, 110.544050270636;
87.4329502480488, 111.551033874262;
88.2097176973729, 112.389737927972;
89.0912481050968, 113.526209046144;
91.4982952134593, 116.479907021402;
92.6645018132858, 118.159081652395;
93.8443932057708, 120.889659755075;
94.6236480518569, 121.450273927943;
96.2311682141502, 125.825071208633;
95.4168753568255, 126.376722560523;
94.7108165340895, 128.634032464559;
96.8370862411252, 129.158185417666;
97.5912733681372, 128.926600934465;
98.3163703247073, 130.252307158202;
98.0936038574395, 130.019781018202;
98.0306553100247, 127.887776356154;
97.6554742646206, 129.284195294481;
97.4653368042886, 127.411727306945;
97.0814314896742, 122.653498405992;
97.3141314057726, 122.518981803228;
97.7109510986173, 123.285515081996;
93.5605704048014, 120.185668772519;
96.8851564940566, 120.215467932814;
96.5223552597525, 118.773717056824;
96.6187711685339, 114.113636132297;
93.4254888584092, 113.660597177048;
94.3467331728573, 113.7228562022;
92.0060025626653, 113.709272812131;
89.9736826389254, 108.85349481207;
88.930080930036, 112.953667238801;
86.1361696585778, 108.923960808693;
85.2303392376418, 108.155984970206;
84.8423994445008, 114.932549621586;
84.5680303181019, 115.028174080007;
84.3484090978714, 111.456849284131;
84.2159022074279, 112.432588556098;
83.9857029204436, 123.931493413285;
83.7914990926646, 118.223292862694;
83.4899598068508, 124.386316245829;
83.2201934239137, 119.276054944051;
83.0584695990986, 119.063046906707;
83.0910618219594, 119.621733229318;
83.0387712290959, 120.466023856522;
83.0203663153107, 121.487728012648;
82.9328605244881, 122.935445471469;
82.8023963038862, 122.713901103569;
82.7532806150024, 122.730312466664;
82.7307882189539, 122.735853980354;
82.7579717801395, 122.592864450217;
82.6980343008726, 122.646777818277;
82.7529932513017, 122.721643597002;
82.86494952067, 123.012336449191;
82.7679336394685, 122.919171344884;
82.7585672674692, 122.939246378709;
82.6570951055581, 122.886683858514;
82.6128556791043, 122.587421539461;
82.5221084997041, 121.217065724601;
82.498425880159, 122.905287954827;
82.1678542192348, 121.958705251357;
82.1037574558547, 112.721753489015;
82.202400937007, 105.955143055152;
82.5811669598096, 105.723693199165;
83.868527457634, 109.838946104727;
84.7297058899486, 109.148511255085;
85.6442733615579, 108.58915516529;
85.6968506716521, 108.578366735063;
88.3137490536816, 108.333054984295;
89.3348452845226, 108.457727640915;
89.0436511849631, 107.696233545431;
89.9766996500895, 107.987210972793;
90.4022510562441, 107.535076836115;
91.2260672650042, 107.791596959798;
92.0826782356083, 107.42185168811;
92.7352148758397, 107.44074555441;
94.7801308086065, 108.652098283985;
95.269670240707, 107.604551126626;
95.6038266257569, 107.039027041688;
95.7997407233372, 106.880492992048;
96.1481423824336, 106.573135207863;
96.2635072144495, 106.357515581897;
96.3205598755324, 106.309699556567;
96.7966933209455, 106.290548271192;
97.1618846379412, 103.172256494968;
97.765421489044, 106.496033830702;
97.9297270444253, 103.286557538708;
98.1002074618786, 106.835577383325;
98.1287783967649, 106.296237105825;
98.4040881355423, 106.589763041931;
98.3679210321382, 106.699920833797;
98.1964819187385, 107.226683103024;
98.0995934918451, 107.285957418083;
98.0465082692211, 107.085228217502;
97.9911451452234, 106.735892324456;
97.6818891085438, 106.440110948678;
97.1103501868422, 105.361863030583;
96.569101779701, 101.187248701843;
96.0639725329024, 100.57588396666;
96.0977029579176, 99.3132893157388;
96.0597593408677, 99.2964708132963;
96.0749225973678, 98.7953300693425;
95.1706869089024, 103.188961494718;
95.3256306699378, 103.595475350395;
95.283242461323, 103.608273782699;
94.9259038984744, 102.634376927371;
94.7485884736012, 96.866360242147;
94.7380075279113, 96.7765905968331;
94.5233513991693, 100.863264158846;
94.7878928669753, 96.2336441374486;
95.4460028575429, 100.77018655358;
96.0813722179325, 100.974312604145;
96.1911041066787, 100.547869045991;
96.2719639841472, 95.7422505634289;
96.615265522689, 99.1408606386903;
97.088644410187, 96.2250182469223;
97.3452859845375, 99.8460228192057;
97.7109245507614, 99.7257708948558;
97.7465659630106, 99.9001441037579;
97.9982058027743, 99.8617497256911;
98.2693714934457, 99.4477727042032;
98.5501832344373, 98.6779842552182;
99.0504921403852, 98.4609276030095;
99.256230772896, 97.034538908057;
100.943465573535, 97.2522289446384;
101.39510438896, 96.5670638194746;
101.794421537312, 95.9735758215622;
102.281739145546, 95.9587681397933;
102.780526543535, 94.5615412497689;
103.028907619983, 94.3384106822922;
104.035946972084, 93.694245721022;
104.494470730408, 92.6645325466236;
105.07527941926, 91.4990465284467;
105.594103293716, 90.8219527242002;
106.269461309697, 90.067574110972;
106.47938047586, 89.5977497545707;
106.861015741069, 89.6849703180398;
107.143901740986, 89.5837250376478;
107.807724703982, 88.48376994968;
108.248497122223, 88.2615252734531;
108.429816920979, 88.4960710168307;
108.742539476885, 88.7842338622386;
108.772013827607, 88.3778436495424;
108.699752362852, 89.0281324356552;
108.98346663275, 88.1818790622953;
109.069697712084, 88.2456328501649;
109.135171184332, 88.3200148078917;
109.44142397248, 87.7757352597758;
109.975151339352, 87.0047602892099;
74.2481085017041, 62.7867923756202;
74.7972111570017, 63.5345453237244;
76.4871488598551, 64.0752983693508;
71.6115155305585, 60.7558114313468;
74.9526163447277, 62.7065751660355;
74.2550275827708, 62.3055754703937;
73.2986797947382, 61.8268644140551;
72.2760485967947, 65.8370771602789;
74.607859614359, 65.7811802900709;
73.6520688118486, 72.6253077825427;
79.0758817630968, 74.038806741329;
76.3114200982906, 70.7314370355276;
80.5463321491103, 72.006755840415;
68.8033738578031, 63.8372151144741;
72.1776839176019, 65.9109537314557;
73.6894189383701, 67.9792585615316;
72.1497690705524, 67.6257080335786;
72.4146900324471, 68.8139070244744;
73.0134713976449, 69.2026726109212;
73.7882997969558, 69.6518135759815;
74.9093110029865, 74.7048827732797;
85.5969051065668, 80.3869972803141;
89.1546243067316, 84.2113622710793;
90.8118579366671, 84.7990804553708;
89.7448949282807, 84.0269934182006;
88.4309889429187, 82.5905719854613;
88.0364155907884, 81.978534021209;
88.341879503339, 81.9339498603259;
87.6115456928978, 80.2525840109495;
86.9109524501676, 80.0346450636488;
86.1490705768177, 77.764467773335;
79.8080168269284, 78.153995467937;
76.374251180322, 65.9736102436578;
76.6899543166754, 77.3484138708544;
76.3323389331772, 80.2623016484178;
76.203130858971, 78.0773051951721;
76.2814020740987, 78.3934841004666;
76.0110921279685, 78.0097262585543;
75.339903421984, 78.826164821848;
75.2153193954664, 77.5696378061389;
73.3981712832987, 74.8226372645737;
71.2197246010434, 73.404402382002;
73.5175442639912, 73.0609154158534;
73.7490509813467, 74.5612967550522;
73.7972402985028, 74.8684501362505;
73.7563142921057, 76.2799944555845;
77.7570740030794, 77.4179421270572;
79.4792411261221, 79.3438546586717;
80.9850660435185, 82.4270928750292;
82.3667096931351, 85.6903859672121;
83.8998318183962, 84.9660541114349;
84.1442730132675, 83.6169262046932;
83.8014915057493, 83.4908397724113;
83.0131625960766, 79.6880273835576;
77.6832405781163, 72.7891560894782;
74.4861688176308, 68.0891691749307;
74.0712707949503, 67.9797782529486;
73.8485166756653, 67.8576445290426;
73.9003158823434, 68.4739122671783;
73.1045539406279, 69.1611429961995;
73.4288194873762, 79.9707794278757;
72.9977614661409, 85.1073354173042;
74.2363352294952, 78.9524101665058;
75.2031218647162, 79.2309186916252;
77.7769463966312, 80.1038917812631;
79.2142968843073, 76.5491588177788;
79.9131323827752, 78.218971710903;
80.6546716431168, 82.8342392843846;
80.8645592901613, 85.1231163473942;
80.7254055864608, 85.5231669121737;
80.5566329645615, 85.3179284913552;
80.2642030087189, 85.0826826855497;
80.0317641886087, 85.1024716372282;
78.534035894267, 84.0739164134423;
75.8266981666063, 91.3498590604287;
74.8503994968095, 91.1631219828034;
74.684343492973, 91.1531572439712;
74.6074046963394, 91.1217216657751;
74.5826537676042, 95.6904026379591;
74.4495314213833, 92.4807855987628;
75.4805773240797, 82.7411455200135;
78.16488695799, 84.2199244799109;
79.7293584209099, 84.97024338663;
80.4080698192065, 85.4800789663639;
80.3653150508925, 85.2388450500136;
80.17677550058, 85.5103726354737;
80.2521110222898, 85.8606758164877;
80.2529909356462, 85.6303717074758;
80.3787251911533, 85.6659825372964;
81.1561676318715, 84.6978850688058;
85.1065648167678, 87.9791692846831;
85.3645394077114, 88.2168435101365;
85.5909276789936, 88.3888636646993;
85.6954774576738, 88.5233117074269;
85.75652348569, 88.4624232605033;
85.5627861295971, 88.0991358724848;
85.5815592499512, 87.7983345398784;
85.6175929432489, 87.6262066776687;
85.398827111668, 87.4185316649188;
85.4096486404839, 87.1245072761313;
85.1945580026315, 86.6499641259126;
84.9063672829058, 86.2755013799275;
84.2462583657201, 85.4586073122698;
83.5971287027421, 85.0641380777252;
82.5763191801328, 83.7707366505289;
82.3308175060327, 83.6000160075251;
82.3509177671806, 83.5738230663262;
82.3722797437352, 83.4571233004506;
82.0649649600765, 83.5385682995578;
82.1602685459902, 83.4651962595481;
82.0694689047409, 83.5979923932857;
81.9860882526806, 83.5951845495255;
81.4996766255668, 83.5023903173067;
80.6651422958373, 82.8488683769055;
78.2674046668796, 82.0431041567454;
78.1311733201961, 81.3209449015807;
77.5940383234479, 81.0933328254701;
77.3020546911769, 81.0762025820599;
77.0134633678951, 81.025539515689;
76.9605304301675, 81.0385092724582;
77.1426596535849, 81.0046206780962;
76.8632417973919, 80.8288503874587;
77.1349896476367, 80.7747866731524;
76.9111761158015, 80.7948426446477;
76.8339544140051, 80.7853440218533;
76.7466173525749, 80.693929047609;
76.6648456248529, 80.5126492425747;
76.6024006753237, 80.4519012560484;
76.6478965521606, 80.9814043378585;
76.5918434141343, 80.8466397400852;
76.5590210020993, 80.7885738023499;
76.5945809864886, 87.9718756679151;
76.6952891282984, 81.5717295968646;
76.9082393527335, 83.4948545768799;
77.0101241235457, 82.9376570492782;
77.2777017833142, 82.9110239902127;
77.4448959774107, 82.8860667372017;
78.5118961018069, 83.1091757783619;
82.2149541959829, 85.2334017784073;
84.019829235128, 85.1646906911385;
84.2693024989283, 85.6131122928805;
83.7456430440613, 85.1875571731329;
83.3705070442395, 84.7022719479518;
83.2984598405358, 84.295222184404;
81.8432973995528, 83.1573395414347;
80.7783321827188, 82.3931316763709;
79.2280693973757, 80.9825805114767;
77.930987297743, 80.420034659947;
77.1606571424583, 80.5542893045588;
76.9967006658023, 80.6289167200475;
76.8503912866652, 80.5325861041988;
76.7711905633823, 87.5235364703597;
76.4632473163317, 80.1147271938206;
76.4147090487365, 80.1855126038221;
76.2605175420904, 87.5080412935344;
75.9888715594929, 80.3538895441015;
75.9706244003108, 79.8012074909258;
75.9107519217137, 79.3547420345914;
75.6788599659903, 78.6801296397107;
75.8081411380096, 78.4321353944308;
75.7347757129007, 78.753961012462;
75.712782592774, 78.5437437751079;
75.7675388029338, 79.5367429751719;
76.362739811998, 80.2432627671835;
76.7371699476994, 80.9211323276368;
76.902826642788, 81.0976203311847;
75.9117383012343, 81.4898864120705;
75.1623315590727, 80.1175276304415;
74.1956097599648, 80.9656736238485;
72.9812716030562, 86.7895588781145;
71.4579747522197, 86.4133360006741;
71.3440043548232, 86.2962532275018;
71.1793194633294, 86.2401108156371;
71.5293982566092, 86.8031864538687;
71.9512892517227, 87.5824163725237;
72.08685421423, 87.8957707303573;
71.9424589560023, 87.7873407822414;
71.6644546318488, 87.3940106312961;
71.5377701517198, 87.1575201606868;
71.3339516716064, 87.4959131299211;
70.9975570728389, 69.5017842883461;
70.7097790954238, 68.4953905561702;
71.8311023178394, 79.5177674066465;
71.026884902217, 80.5197525710711;
70.2002104694647, 79.1059665718833;
67.9098078114499, 77.104768453349;
67.5259944831793, 77.4461677093452;
69.0595730880062, 78.6866398926563;
68.9784609007814, 79.0309935702677;
69.2236204866836, 79.5708787708806;
70.3628519021762, 78.4125294011076;
73.7506307692045, 68.4951039379959;
75.0168994183731, 69.9587654128012;
80.4705642991799, 79.7855067222464;
81.9369204830097, 77.3861107025786;
81.9891728045343, 82.9750674007527;
82.454682659976, 78.2430311239771;
80.5576777670548, 81.7813978293395;
79.7164770142491, 77.6264046846638;
79.3939623459377, 77.6115138551866;
77.5317963594334, 78.6028738974773;
78.8933179040727, 79.2452943394633;
80.0974494587077, 79.9462661751223;
80.7099835887496, 80.1838705806139;
81.2613097987937, 80.8289556041448;
82.1009430147071, 86.5782755781917;
82.3666108284049, 84.2341469779284;
82.1679662456043, 88.611349542705;
82.4262385377203, 83.7472849943092;
81.9478722182676, 83.638565595714;
82.0020585751769, 83.9745921629279;
81.8734453855539, 88.0635686485625;
81.6316715621905, 83.6057483651108;
81.627043164363, 83.1262276065177;
80.5501016210588, 80.8530929420512;
79.6259553385041, 79.436280072257;
78.0915169431149, 77.6873053184321;
77.7186519783091, 77.7944089796283;
77.47519119225, 75.8418044885952;
77.7379906727019, 71.8371903172601;
78.391675929992, 71.6766232476833;
78.042553393767, 72.4626064699026;
78.1594375369265, 72.7686700783865;
78.399889325784, 73.1021085635272;
77.9512362231635, 72.9826534289866;
78.9939191531061, 69.4876436034425;
78.7783614556108, 67.0733572173577;
78.8778947507399, 71.1816969848465;
79.6125237753245, 72.6004504640465;
81.0309779957255, 73.1509502607984;
80.2001404496497, 72.6541973342651;
80.7626168068767, 74.029789578309;
79.4258909731484, 75.500699609111;
79.1578280276038, 75.9703814548704;
82.7573788172733, 76.3110764404272;
83.5341216779553, 75.8028599855278;
81.4098069003225, 83.7298188048973;
79.3110023301028, 80.5404883084595;
84.0266894198417, 79.876187227387;
87.5068885714461, 78.7900126529202;
87.1764847414291, 77.158864210764;
88.4145535736186, 73.1612959254193;
88.5505572216044, 76.3355356880698;
88.3709772701061, 74.9563418271985;
88.3099787463476, 75.4356631291078;
87.7627588869275, 76.4534042788143;
87.1129265588749, 77.1994118664317;
85.9903222231066, 76.9467825726974;
86.1872661060083, 77.594122473703;
86.5688681638489, 77.8146676202819;
86.6331541229189, 78.480615736346;
82.5968855558621, 79.0337846773441;
80.4772343196734, 81.4642984667422;
79.716162040997, 81.8776415938716;
83.6848679117351, 84.8127773287566;
82.0891464279576, 82.1796751264193;
83.7433328197723, 82.7386491766593;
82.1990550872657, 77.4982550425427;
80.5297488416639, 77.1699954454099;
81.3774743952566, 72.0905177609056;
74.9349114190809, 70.2927578111276;
72.720120515397, 68.9010164248116;
72.8448334014495, 68.4590758084344;
73.1052444874387, 68.4359763900803;
73.3441816009139, 67.8765912268547;
73.6437833725199, 68.0396531207624;
72.9483694150868, 68.034000553041;
72.8015788163529, 68.2327253779277;
72.7754529916266, 69.0210316957335;
73.3178263676006, 69.160661350385;
73.2774102216037, 69.9394562211309;
73.480069456201, 70.056482447634;
79.9490002478465, 68.6799113417337;
77.4866233459842, 72.6562407404494;
75.8326375316827, 73.6099651646106;
73.5758422820729, 86.1750702782089;
74.4310649957557, 70.0554656211062;
74.2069348968158, 70.1654257250314;
75.6742978963069, 72.7276773538043;
79.1131080637561, 70.4864587449894;
79.4603630479679, 72.0349944912814;
78.6488988205935, 71.7389372914344;
78.8742746501919, 72.8691202426736;
81.0618762441569, 72.4939191401176;
79.0353338699295, 77.113963758774;
87.6098815340509, 72.8078306821317;
90.9680900327427, 73.823701136708;
93.1173377170582, 73.3864807282718;
94.5418727277728, 72.6467372096368;
94.4914689034898, 74.0981232594018;
93.6712417562581, 75.9363731344848;
93.2568645053049, 78.0876850223141;
91.4996271990018, 80.36141723018;
90.7696997948047, 83.3343345245107;
89.7063340769271, 84.8776884856793;
89.3415889000964, 85.5838507494947;
89.1564518138306, 86.1089584547071;
87.8187086298582, 84.6275664777177;
88.059150482158, 85.5256993874295;
85.6965538308712, 83.8467830272753;
82.8345967903616, 82.3425772098952;
79.953151659751, 81.2979261233823;
80.3512886040874, 80.9426115750854;
80.1533445089003, 81.0855947417;
81.1616472587506, 83.0077690433705;
83.1312810000101, 88.7312254109226;
83.126095929625, 84.9694088398742;
89.1538341014277, 87.6072211237636;
92.3551699579943, 89.1126371019025;
94.0906200229515, 89.3185034774905;
94.4668772511278, 88.3671842273355;
94.6255383988074, 88.1583761423972;
94.3514392248474, 90.1771971307886;
92.0642226396019, 89.7280813844682;
92.5137210368431, 89.8349412118595;
92.6299472852208, 89.7638625968167;
92.0788530129015, 90.4778051108668;
92.8237115750837, 90.4548229058252;
93.3893690402646, 90.3604017415775;
93.5417846214596, 89.2061821389623;
93.6566376873821, 89.7809265830768;
93.4157824809094, 89.9030764591508;
93.3981426089303, 90.1003450477762;
93.4564318890116, 90.4640404665101;
93.3295254800306, 90.2305317809517;
91.7296225805088, 89.0068281555679;
90.4692344575297, 90.6415148755818;
90.4386974359657, 89.6264414272352;
89.8456805168008, 89.4481149396801;
88.8572184297726, 88.8815405040065;
88.8114471902281, 88.446431649895;
87.9260478285856, 88.8051347058354;
89.6266835345258, 88.4152432883752;
90.350422912354, 88.649213512211;
90.9515477803376, 88.3164745015326;
88.3666684412145, 88.6935340988994;
88.219999816208, 88.4507749042001;
86.8824755667348, 88.9890302396632;
84.9803335920851, 89.2764057821084;
84.9271891166021, 85.9673216549467;
88.5553802047698, 87.4051791502221;
86.3497806280807, 87.6390953228412;
85.0318969092073, 88.2228774237176;
84.2634153465688, 87.551807337598;
83.6986960965537, 90.1836619685222;
83.6797993026809, 89.5409124310896;
84.6383361027174, 87.8225809645608;
85.1396794789767, 90.1847657881552;
84.7923910218594, 89.4268127951661;
84.777486690576, 86.4934710441288;
84.6993725194479, 88.0090124996032;
84.5302089399141, 88.5924680490054;
85.7679823119334, 88.2477046108288;
85.6705154446929, 88.510350273897;
85.7033908826413, 88.3774589377558;
86.1196072396425, 88.8318931285899;
86.5934551699787, 89.1332230633668;
88.5878758594714, 89.0997127917696;
91.0051209460418, 85.7818397430952;
92.2456398206751, 88.6597422753367;
93.4366032219617, 88.0759403370129;
94.2473185746608, 87.7418000616255;
94.2230029345537, 89.4303717497809;
94.0626437058808, 88.5853181722714;
93.7422650629264, 89.6557476145755;
93.5900613443909, 90.2676279185751;
93.130128092165, 90.5001812438748;
92.8108164373157, 90.3476352725635;
92.780620808105, 90.3713216951816;
92.91378837348, 90.5626068880813;
92.4815749715869, 90.8741653840754;
91.4274499862749, 91.2720240572645;
92.0083710244044, 90.9230510136135;
90.7476113530469, 91.9475062256255;
90.5522726227596, 92.7383395571278;
91.6179354163453, 90.7005568842365;
90.9996764816603, 91.194864356577;
89.155989089021, 91.1861997465202;
89.2965394033663, 91.1797257081293;
90.1253586951569, 91.7858338336343;
91.1670071048333, 89.9951490930448;
91.8183863853355, 89.8627393287065;
90.8199130400917, 90.1859718423849;
90.0083709250673, 89.7686415451469;
88.2206641869745, 90.1217286702152;
87.3884092453322, 90.0574326923623;
86.9314986463634, 86.9770617114275;
86.6640292675062, 90.0917792350211;
86.6366657755301, 90.3858561354397;
87.1542991133341, 90.4906788961724;
87.3142151289497, 90.4677769571864;
87.3685268652099, 90.699538960124;
86.9166498633813, 90.8515979862962;
90.4237811162688, 90.6075206661307;
89.3529670283146, 92.357885291962;
92.3762077092373, 91.3995098404473;
92.036646805016, 93.2490354932368;
92.6693505600642, 92.3995882414869;
93.0461418318556, 92.1956084493057;
93.0457173326324, 91.6983806211276;
