86.3678918781162, 166.420410085887;
87.2185990333277, 167.115158685923;
87.5363449293082, 168.481691729048;
87.7253550483582, 169.122707516617;
88.5407506771926, 170.795341563529;
88.5975052836817, 169.955929516953;
88.8425757986397, 170.027002794869;
89.3202399579838, 170.238161299054;
88.7050871001853, 169.655834840316;
89.126487761478, 170.453536729923;
88.152697561841, 169.290290831296;
87.8576518663582, 168.468202427384;
87.3506828107247, 166.511589544592;
87.1453241373754, 164.695499066326;
87.6521638222926, 163.795941902094;
88.1191619154682, 162.268987585566;
88.504567389375, 161.35728449186;
88.7096100330405, 159.90474722333;
88.7548613659587, 159.677480974114;
89.8063483762583, 163.804406166343;
89.3822321759451, 166.546344551121;
89.6201332712625, 169.385798100873;
89.5053533684893, 172.625699783475;
89.4479781452043, 172.118529408995;
89.6027947732296, 171.912336027023;
89.331540627969, 171.605597880003;
89.3151284502733, 170.71016524622;
89.430106885989, 172.125131444599;
91.4438221909521, 174.303450856366;
90.8282775794426, 174.133173417288;
91.1270012590458, 172.074212435017;
90.7491830971806, 173.173735467351;
91.3594722476815, 174.502447599961;
91.1682356367841, 173.795304894145;
90.851170676302, 173.043203494576;
90.5247723884308, 173.566562607012;
90.2526087420862, 173.518620265959;
90.1375151734459, 173.523712111174;
89.9449550517977, 173.462779595302;
90.1918711808794, 173.765167229684;
90.564220188596, 174.35410561911;
91.0717780800211, 176.319861841575;
91.1427325002847, 177.893292273241;
91.2525127258913, 174.587895967592;
91.5724716466879, 173.142548345354;
91.8278869605741, 173.996947000592;
92.1494250911635, 174.879815802008;
93.3993107619233, 175.05945362044;
93.7750325023141, 175.373935926159;
94.1732540072417, 174.992642191357;
91.7709311508326, 170.388475773129;
94.6120177226908, 173.323250918127;
94.9615054236755, 173.486265282718;
95.4324018760106, 173.329302220444;
96.8442538675385, 171.376474608085;
96.5739681463375, 174.132291025827;
96.6557124386001, 169.90773182022;
97.5910572723691, 163.758558839662;
98.5795206210744, 160.698435904095;
98.3980139198169, 155.406017635477;
98.2584415023549, 152.484448025992;
98.0416244497047, 151.452313632375;
98.0009707914746, 152.18407513185;
97.9845762298092, 151.003642104108;
98.0228588274535, 150.849339488664;
98.2043079179598, 153.264647222544;
98.0402067228996, 154.803122378656;
98.3193676453246, 159.285839190164;
98.8278323660372, 161.265535287806;
99.1536898051888, 165.068102968535;
98.9374836072264, 170.357524197621;
97.6616950803059, 171.800066047307;
97.5672022296741, 174.599186195194;
97.2144007308518, 174.844651391348;
95.9687742502166, 173.506026416987;
94.8262984966251, 174.044691929665;
90.2532500317281, 172.557037655456;
88.7026861648197, 172.626981854435;
87.3411382106713, 173.066123377768;
86.6694542625501, 174.641584737929;
85.9068315164786, 174.572006825564;
84.8571668724789, 172.827698467479;
84.5375478942639, 173.693372170828;
81.6749893929849, 173.277879433753;
81.4424613912995, 174.581363122147;
80.7152772913807, 175.271810090779;
78.2386780084166, 172.826335668243;
77.723033847816, 172.316287373227;
78.1067943949522, 172.36763886577;
79.7125158762776, 172.011966475319;
82.2687755556558, 173.361290857316;
85.0333110996488, 173.186254401578;
86.6186635566439, 172.560743365041;
85.7258791920976, 170.59373588858;
89.4775285990924, 173.762820576286;
90.6596580168202, 173.45871287817;
90.3591353949578, 171.285741404191;
90.3551274336966, 167.917678023554;
89.8603255640806, 160.667617225486;
89.8467776866408, 163.254252073047;
90.0777263158384, 161.539460808567;
90.3335146901815, 161.814053399013;
90.8604908850874, 167.983415704996;
90.3494308162459, 172.0722290915;
90.1411056972605, 172.859885023321;
91.1355840465401, 173.808419979191;
90.3665705221062, 174.128100662967;
89.2453398913819, 173.543798366448;
89.0438695832143, 172.859917465369;
89.5286525926633, 169.927178616505;
89.7378644342918, 171.561781120966;
90.6727397056596, 168.843211251389;
90.5665939072626, 167.921095853994;
90.1477950580965, 162.888836064942;
90.5167860121963, 161.376414402834;
91.443412111505, 161.472227966028;
92.0952399159227, 162.229990523959;
92.2380591218669, 161.194980793069;
93.3790649384353, 162.962506638968;
94.957141451625, 160.365509841518;
96.3063297480292, 162.606073441376;
97.0890652703219, 162.767669656847;
98.4116092536301, 159.795920446057;
98.6799634411507, 164.226431225995;
98.2047668955182, 165.034914716666;
96.1296750021876, 162.872657025041;
92.8063168575914, 164.486378833373;
88.876295028303, 165.178818458122;
89.208648113754, 168.956734060641;
88.5542448250932, 171.212824148771;
87.7946201448634, 172.174981479665;
86.0015622570777, 169.724046735992;
86.9785224217044, 172.762177052838;
86.6248736585034, 172.545105562209;
86.8522818144552, 172.888415050712;
87.0551552685303, 173.043592097959;
86.9543504864887, 173.388173489765;
87.5485323318631, 171.670883962562;
86.1236629948152, 171.840146232957;
85.5393791174272, 173.207850747658;
84.8901075827735, 171.911512724956;
82.4380669840367, 172.983899592947;
79.0951739301123, 175.800008818726;
76.7250579521109, 174.551481902523;
76.4270767595312, 174.56563282707;
77.458091887381, 174.489978305306;
80.5955930921584, 174.27291846355;
83.8306218049486, 174.258542815399;
85.8523777693842, 173.221635352574;
86.1412530318771, 171.97483051134;
87.1270025917491, 171.536470580364;
88.7002728519794, 170.603621553353;
90.0557500148786, 167.568707458055;
91.8859318727027, 167.499892793434;
91.7124343632661, 166.5846872556;
91.5747425551585, 166.033479718463;
91.672651068971, 164.882770559793;
92.0551722733303, 163.406407541451;
92.3272877576008, 161.671964588788;
92.4545133780808, 160.298683655125;
92.8829201297254, 160.248666627727;
93.0622462245496, 158.54509777489;
93.2274484713498, 158.6641693374;
93.2861064727303, 159.135443242872;
92.8734105091615, 159.661759991048;
92.6675411600676, 160.139667228818;
91.4993688867744, 159.409021532936;
90.2256455761273, 160.211694908901;
89.1633272351359, 160.533930384001;
88.6595684863598, 160.980457360099;
88.029010064104, 161.433309996377;
87.4920200666519, 162.091220060329;
85.5428424311293, 159.064833153525;
84.9269435684655, 159.218627098646;
84.9887659025565, 159.543311486261;
85.0785665422357, 159.721475930017;
84.9605494897859, 159.663870155678;
84.5232338799927, 159.356483122971;
84.2208917169091, 159.021534110128;
79.78618730519, 154.444649441572;
79.1471381833478, 154.193427172567;
78.4886737197193, 152.845806794521;
78.0688077898393, 152.025780916761;
77.8997177368519, 151.838225595705;
78.2316104464588, 152.269287049913;
78.6189139278785, 151.971628164542;
81.500071101313, 154.54817410371;
82.0223853206752, 154.933224279946;
82.7500464756759, 153.887203621943;
83.5783024374764, 153.911261117497;
86.416308846835, 156.613948852482;
87.3070018872542, 156.432178966204;
87.9969883732887, 157.148582635182;
88.651729235928, 158.605909878648;
89.2071601971931, 159.839994827189;
89.9787369538686, 161.56245717963;
90.2171814824709, 162.411763929665;
90.1605787570703, 163.399992251835;
89.9224938230716, 162.855227541401;
89.6132076035806, 162.368641782418;
87.8084570810333, 167.134327022787;
87.8654625880898, 167.163071226443;
88.0170741428206, 167.203617301741;
88.1072628585694, 167.966755307278;
88.1425306845369, 168.059167795664;
88.2228165684245, 167.658689887167;
87.9613194089292, 166.178304359317;
87.3739165882172, 162.457471311323;
86.6186223825484, 155.076908832593;
87.104737601041, 154.219683545442;
86.0981611441082, 149.550376115903;
87.3567345398076, 150.759205952885;
88.266780175068, 151.858561686355;
88.4134038333457, 153.039593245838;
88.9479690454099, 156.046551279744;
89.4705655560776, 161.403490262132;
90.0857426160213, 166.664822952551;
89.7909263863508, 170.15599123759;
89.0283111356515, 169.855241828815;
85.3644084503949, 167.556523299577;
81.6399606998369, 161.698534779469;
81.5613844922794, 161.977391224094;
83.2720879466853, 167.066738479891;
81.9448046805578, 165.388769789806;
81.9925514199748, 167.107297537319;
81.3742374878997, 167.725638805612;
80.5191894370254, 166.033125073494;
80.7862878952615, 167.339577693016;
79.6670460785947, 166.633307232351;
78.8824373685842, 166.544301842791;
78.4619540154631, 166.32011648455;
77.7540660623278, 166.394711611703;
77.5988654602617, 166.694793930984;
77.3778267843849, 167.710763862745;
77.2814120086259, 168.180312468403;
77.1031004279155, 169.542520245113;
76.202511531625, 168.184238286478;
75.4926577082886, 166.412688404441;
75.243885792109, 166.465352292925;
77.3523276779264, 170.471414371468;
75.5009992277002, 166.54022462207;
75.4138638023643, 165.525622964503;
75.7218004992237, 166.369578676619;
75.8358873293745, 165.979854384444;
76.5547867236457, 165.855872724385;
76.9411982849225, 166.148433745918;
76.8093577690685, 165.534073740148;
77.0905157444268, 165.852382811923;
77.6638821125964, 166.160117825989;
79.064801907689, 167.051832884746;
79.178464900527, 166.806871319238;
81.1383493579985, 168.279063159544;
80.6508923162612, 167.994602789935;
82.0144514274579, 169.130738603842;
81.7844243437196, 167.69952543452;
80.9848888119222, 165.005789830339;
83.951926699088, 168.523919904749;
85.0103721864515, 168.927054887486;
85.3020628368744, 168.804905259834;
85.4407329970117, 168.417776060427;
85.9693701943173, 169.212103753979;
86.3078046718904, 169.90185122253;
86.3015035126415, 169.592441809399;
86.2671541321577, 168.294254544748;
85.951894087144, 166.10565369462;
86.1019196862335, 164.52948610109;
86.7080272135499, 162.17667447866;
87.6830297355616, 158.726462528507;
88.4452200626129, 156.417474675589;
89.1693626043685, 156.401894137698;
89.5031660310681, 156.502817880073;
89.9004489057466, 158.572899062889;
89.7784368647749, 161.147069587545;
89.4085764015419, 162.239078276771;
88.9071863324602, 164.337997428082;
88.4365993377383, 163.795600018822;
88.4307175102965, 164.051235444348;
89.1232507944943, 166.105143213659;
89.6825053700671, 169.030054439072;
88.7138611353736, 169.641387199235;
87.9799875455707, 168.516084244453;
87.7341617266785, 168.028656663343;
87.4024352133119, 168.253126875078;
87.3254734803651, 169.016033289742;
86.051567919024, 170.167960743027;
86.6258450120759, 170.870843969439;
87.6286310026506, 171.192133792407;
86.8923004056284, 169.863110896792;
84.711541429412, 168.33644305407;
85.9444687223809, 169.453474146778;
85.3362065164504, 169.21224910381;
80.1299925867698, 164.045744838934;
82.6494056571259, 166.336113344601;
77.7996933066852, 160.317351965262;
82.415630394379, 167.565304859007;
82.5055470218839, 166.014692791703;
83.1390425308635, 168.243025102352;
80.6763247100616, 164.135901441416;
81.5100830420572, 166.753303703796;
82.5266138500647, 168.960613479463;
82.2959046171518, 167.32738904738;
79.991226154104, 164.677219143759;
79.1937727473564, 168.384858709205;
78.0836518553396, 165.533968057871;
79.3110923339984, 167.587618126635;
78.2507483176641, 166.619044624488;
77.9410938540746, 165.873971099007;
78.5395332285312, 166.400074386432;
78.7887703890869, 165.851712238728;
79.4669698832366, 164.288682829318;
80.5155563968413, 165.507123158483;
79.6512185131528, 164.509255238873;
82.7294943591061, 165.592924995707;
81.089840824356, 163.851710824591;
82.2013613057709, 167.383428289121;
84.2754401968859, 166.963898952345;
85.3757885394413, 168.110404402121;
84.8144489153657, 165.938262269249;
85.1495865976142, 165.680440572219;
85.3080585096641, 164.10121970129;
85.8035917721456, 161.928166684747;
84.7403097399995, 155.078336875963;
85.3889827413172, 155.848702680399;
85.265411637374, 153.388045705606;
84.9696417783553, 155.916513315076;
86.076123272236, 155.082573832464;
86.7068222620497, 150.110926163031;
86.9707682304464, 153.499942981932;
88.1045318018117, 155.53040289757;
90.2283725938608, 161.128355874159;
92.7073795597021, 170.455716640372;
92.1254246157418, 170.203308089836;
92.4532162095972, 168.731086783473;
92.3553594597143, 168.296264741833;
92.5291445303818, 167.030707940049;
92.4684788935163, 166.934285654063;
92.0468735934376, 166.438782631953;
91.7547241424297, 165.78046236004;
91.9969083350563, 166.085422422454;
92.3031859994164, 165.590843243988;
92.5476495234514, 165.50195722804;
92.2118621537516, 165.065143685906;
92.3358928918928, 165.686190370584;
91.607102675223, 164.402563209427;
90.8227569983828, 163.710634297054;
90.1161738978922, 163.648726332362;
89.6788597238526, 166.113352933272;
88.6449442583175, 165.838662917789;
87.4376861608696, 167.894739843157;
85.7258397349238, 165.908831193319;
84.5839925105494, 165.736904901508;
84.4175986479576, 165.439838175474;
83.8854566635619, 164.48575999116;
83.9431204668523, 163.552857056694;
84.1244703226972, 162.944132172917;
83.9383829185488, 161.022964674432;
84.0675552451406, 160.692081087109;
84.9244897057817, 162.019633386577;
85.6940493488168, 163.582000979601;
86.7510126094553, 168.264892042553;
87.4930267814835, 168.95599506449;
87.2428754778752, 170.166474086404;
89.2867135077321, 169.553264613561;
87.7122479105432, 167.236164835996;
90.0440765034584, 168.763159310751;
90.4912689154918, 166.807077959063;
91.0156435591793, 166.255635418231;
91.3805961935621, 165.729797136858;
92.0031573063251, 166.20450513406;
92.4186346687701, 166.485495805925;
92.4427163721595, 166.562268215328;
92.4565428995779, 166.525674114456;
92.5164570196834, 166.509149687689;
92.5381846074376, 166.48438197574;
92.3486461765196, 166.242905615235;
91.5780768209301, 165.440773944695;
90.7548772315719, 164.367685584654;
90.3966407977289, 163.518505890532;
89.8616814535963, 163.532467147701;
89.4435009659308, 163.51366730919;
88.9818089479899, 163.089258137731;
88.4687681872411, 161.84940145058;
87.7316978181665, 161.351721677784;
87.0864875280764, 159.957163458654;
86.8677691165091, 159.958071609071;
84.8189618912489, 156.272425444964;
85.0481662652778, 157.102921663401;
85.7837307098644, 158.930628505556;
86.0570199395598, 160.186898111914;
87.1010777703583, 163.450878653976;
88.2869280215404, 171.055482377236;
88.2453761752912, 173.128392499232;
88.1323618056347, 172.884617346365;
89.2781952108701, 171.883270540755;
89.7137781312329, 170.966482869728;
88.2646378287844, 170.04806121196;
88.5388960115898, 169.282139185674;
88.9278943829949, 166.541429769304;
91.1234974648173, 168.450410726029;
91.9004983631336, 168.820388618613;
92.1459457742479, 164.019448110186;
92.2628629609986, 165.668209302698;
90.2963416411467, 165.44221798818;
90.2911089146394, 165.047210257662;
92.6757608833124, 170.447391748208;
92.1548912789944, 165.656170818104;
90.1094849530528, 165.942147329775;
89.2360437044532, 164.393035404455;
91.8235642694421, 166.237354024785;
89.977512766961, 164.299805573559;
92.3989895715224, 164.603919109745;
92.143691070658, 163.923983016934;
92.4473220855706, 165.190819334336;
92.3166329245207, 164.318147397245;
92.3634098487253, 163.977387426895;
92.8803675132257, 164.1721463096;
93.3626044530163, 164.334921566424;
94.2712203541577, 164.688596408429;
95.2204439366406, 165.666567008977;
95.7678048260675, 165.850880724795;
96.8736876005452, 167.945939909079;
99.9979467071488, 173.960971091522;
99.5718853795307, 174.580180297236;
98.6661149431323, 175.091118194395;
97.3963440068408, 172.966896881145;
93.9975081154465, 170.199312539495;
91.4499431769639, 169.038509252557;
90.4295580393524, 169.185330750914;
87.8805169458511, 168.210610745864;
87.2145077653451, 171.644906422994;
86.3503484266423, 170.452268233601;
85.6042528274106, 170.382924154467;
85.2505230047299, 169.976933075671;
85.577570824789, 169.318317585347;
81.8724737383856, 166.17745168434;
84.5815993349605, 168.413302205412;
86.1060755286112, 164.692592829181;
86.6471385540602, 161.271153168237;
86.9742427844946, 156.702704491478;
88.3294505460239, 153.138549837679;
89.1856642605762, 150.66979707624;
89.6483506666676, 150.440098336828;
89.9976741352748, 151.647716608428;
90.3728743283611, 151.173279421349;
90.9334672452298, 152.835546788742;
91.0069394261732, 157.047254343732;
90.3135113835017, 160.10537607934;
89.2679732676592, 168.439824618283;
88.5832196224238, 172.133489123166;
88.3131581016468, 171.844260476047;
88.2439881556473, 171.585780318506;
87.9362714331448, 170.593794039116;
87.5697662956814, 169.623903064678;
86.4258449452367, 167.711836163471;
85.921994054547, 169.878731688695;
83.8570286091657, 169.159487731519;
82.3045069481917, 168.62780061101;
81.8317976745649, 170.402371509058;
78.9113589472707, 167.673473334085;
79.1031041471537, 169.887592609444;
78.3496277448309, 170.533732341146;
76.9805446865292, 168.991450337956;
78.0462046213529, 170.406353806323;
79.3750778619116, 169.289291117385;
82.3912280616063, 168.989498720012;
84.7101572620552, 168.475764404649;
89.2686526632665, 167.418970520167;
90.8716332642855, 167.590186312921;
92.8836185192915, 166.637828334931;
93.7214070532866, 165.637191562668;
94.6417926690106, 166.424507172775;
95.3619699776221, 167.15109032026;
95.6018914894972, 167.373107323677;
95.4427745780571, 167.421497531088;
95.0649905736814, 167.469946143138;
94.7689326189604, 168.573075078187;
95.0994395854803, 167.771370358782;
95.826895464009, 168.02754880002;
96.2880650254088, 169.229924381903;
96.8062275248799, 168.405007059077;
97.1052984460606, 169.976052400944;
97.1508261816345, 170.512666323628;
97.0666243604665, 170.603576921657;
96.3889512106889, 169.254092232603;
95.5594576222103, 170.24636891345;
94.9889790809798, 169.449797532775;
93.8085386565577, 167.447986303132;
92.8528400995848, 167.420405928045;
90.5482971796095, 166.542334709035;
89.3071493556129, 167.000470066099;
90.2158475748606, 169.393482654297;
90.1148286831309, 172.439934066496;
87.8940446825616, 169.304474168044;
87.9562969829021, 169.279135658156;
86.4203154097474, 167.825973685249;
85.0501221041067, 165.375022813436;
88.3919707826814, 161.573053444284;
87.6791487250474, 156.496771686716;
87.6746475027444, 150.046864912956;
87.5919528581236, 149.50561792319;
86.624860717931, 150.647378298151;
86.0521523069427, 151.77922024099;
86.067236365817, 152.632078888296;
86.8946151966978, 154.58200380084;
87.1737939188672, 155.480250359225;
85.5175679511761, 156.514299501998;
86.220996068358, 164.097317203614;
86.8466445110549, 169.478574092701;
86.6409829990788, 172.726764389533;
86.6079324428005, 170.995055099909;
86.5208326273392, 169.413940253637;
85.6232496377395, 171.042165934841;
85.2150046965089, 171.443069756282;
84.935507061942, 169.832199999416;
84.458477313497, 164.861870684234;
84.3480307053064, 158.876278010952;
85.7661728235048, 157.907550321074;
86.183847837062, 152.490345650431;
86.6567347910917, 145.099276899331;
86.975751352066, 144.192795936555;
87.1637009392604, 144.303449011591;
87.3313999623966, 144.905238836642;
87.5019877092278, 149.671149226722;
87.4932188165779, 153.255744038398;
85.8860921814178, 155.192604966459;
84.9685968560459, 159.633936919198;
84.5253043211342, 159.959913395526;
84.5370717215567, 167.188815097832;
84.3434509871523, 168.305823544919;
84.2036300940745, 169.935512313839;
83.5966286099979, 168.595862901299;
83.0006760734142, 167.904055858523;
82.8031427955017, 166.925524215494;
82.3175451947649, 166.432867796644;
82.0702046211649, 165.607132788904;
82.0198896629662, 167.90701260733;
82.4529947699919, 164.915387317881;
82.369480942322, 166.118710770033;
82.2711564403204, 166.731201498743;
82.1767374934403, 167.442676162329;
81.9349765244897, 167.592682537525;
81.4174606523678, 166.144128923784;
77.7297177104265, 163.227590581282;
80.768287474065, 165.469743993796;
78.1474630523882, 163.266389540259;
79.1683242891427, 163.443863709175;
81.9227658961117, 165.802128361431;
81.7460218480724, 162.953204932245;
82.2625622960102, 151.248205769123;
80.1575286893651, 145.770301843919;
82.3140288513937, 147.813930740303;
80.7476279628778, 145.307470731202;
80.378056764456, 146.133190024857;
80.74384838001, 150.342125481603;
81.5081435544886, 154.913680017518;
81.6393353624961, 165.886649702983;
80.9992701947409, 170.931917455704;
79.7721068297987, 168.492026755597;
80.1287568384457, 167.759059111509;
80.1382841963855, 166.310378673949;
80.176921879546, 165.317400383131;
80.4791792051369, 164.845536035181;
81.6320602475496, 161.948983484036;
81.7243284237085, 158.780724627015;
81.9810710599256, 159.952922510067;
81.7290226986129, 158.675360640141;
81.6046508534294, 160.438868115902;
81.248464474609, 160.889220670916;
80.9042697399158, 161.493451204539;
81.0486299031182, 163.429329561012;
81.0040106011468, 164.084013150264;
80.984438576611, 163.85704051035;
81.2762058805035, 165.025891482028;
81.6482524368652, 165.578717509872;
82.044242004577, 165.174723097333;
83.2802944404295, 163.123669312479;
83.7084725513371, 163.696783079062;
84.8049849027365, 157.139306685932;
87.2186991110154, 159.238142274552;
88.2268751628586, 159.538205814084;
86.7154848219368, 159.008453914088;
86.045711831335, 161.515512134855;
85.4817242346785, 163.098502043527;
84.930539201304, 166.563846479863;
84.7157354131425, 167.154300070061;
84.3548601199708, 168.263493881247;
84.1818115534328, 167.506073613928;
85.1177542770489, 168.423398917346;
84.6547829221586, 168.196843714214;
84.9840375323253, 168.738997508474;
85.5484596958548, 168.604195177249;
85.7751857590614, 168.330937459462;
85.8907301261566, 168.136955075946;
85.9976856572318, 168.172385736377;
86.0380410581699, 168.072128567263;
85.1081042304311, 166.501582907133;
86.9871998478491, 165.987733119919;
87.5560743716286, 165.748331262726;
88.916839906562, 166.722196368254;
88.2722795603607, 165.293576359921;
