99.9927098111199, 107.877340442138;
99.9001982897574, 108.168663213926;
100.028215042353, 108.242955680768;
99.9620770205846, 108.670910650616;
99.5789253813888, 108.933977120978;
98.6668093073816, 108.773561717764;
98.5238472939734, 108.750392334445;
98.4464218635116, 108.702689608062;
98.5874060912103, 108.747299775013;
98.7211369991087, 108.835126269451;
98.7419872964484, 108.933436098866;
98.9040485745713, 108.822461890099;
99.0230930823687, 108.647986099555;
99.3087627803699, 108.695781952989;
99.3732741219264, 108.780226532035;
99.3531623178794, 108.728993741269;
99.0736047119201, 108.548610677855;
99.0836437461502, 108.663385569455;
98.6817781240087, 108.386638358231;
98.7272865160593, 108.460747819678;
98.2718262540182, 108.347938552336;
97.6256201565057, 107.849845853346;
97.6635205595232, 108.030496226933;
97.7024256096425, 108.13310954828;
97.8342684927188, 107.98825727495;
97.4908367609505, 107.856707357004;
97.6757757550888, 108.052348786471;
97.5635039592461, 107.97482260208;
97.5162131078027, 107.98111293232;
97.308795903863, 107.788915271605;
97.216060169884, 107.762485571042;
97.3268214791574, 107.967398914987;
97.5960860340705, 108.235271898273;
97.6515249313499, 108.371130202257;
97.5047987336595, 108.307359091548;
97.5854334043226, 108.364344216508;
97.6168558870377, 108.182078823803;
97.3541627709024, 107.91859248591;
97.7165414218058, 108.019259742376;
97.9689686808601, 107.82511489459;
98.7528794316285, 107.611916297411;
99.0807103702661, 107.289056295778;
99.3732459764903, 107.116433746248;
98.7067988401896, 106.373158564076;
98.2268954918223, 106.308807940182;
97.445259706219, 105.699439776572;
98.2502640982293, 105.825011743333;
97.7074218881644, 105.579711283307;
98.5164187520396, 105.750632417917;
99.4999655969801, 106.561091718669;
99.0464361033628, 106.37128485975;
100.401006160869, 106.933576104919;
99.275540128913, 107.216111893733;
98.6589045898108, 106.800695316431;
98.319620475401, 106.833167013876;
98.4447036306828, 107.008448621069;
99.1976416555494, 107.52593852999;
98.9738424012036, 107.243372158065;
98.6627651168411, 107.073412229324;
99.0764516898455, 107.319863229898;
98.3318864524345, 107.014832497344;
98.0976761374126, 106.874979751944;
97.907203864502, 106.698357975649;
99.7268160613786, 106.873318370445;
100.255175647091, 107.311383112536;
99.7732224532535, 107.189589407096;
100.243133610438, 107.410311976303;
100.810328398033, 107.72433548305;
101.1282997068, 107.962932221757;
101.571894284617, 108.27360771486;
101.663255048495, 108.356868534604;
101.582203164088, 108.249984914628;
101.286909271981, 108.280736205531;
101.146595889778, 108.398793237603;
101.301186032784, 108.477768061741;
100.233691918643, 108.048786175756;
98.9702804531653, 107.631417626616;
100.133735484568, 107.954747666066;
100.650198650245, 108.141496524383;
100.907632692262, 108.570000616536;
101.521280602022, 108.697395153374;
101.520642844881, 108.602303334775;
101.256529938048, 108.878785694168;
101.060622408566, 109.05635837229;
101.661968008608, 109.154946292581;
101.944915617115, 109.287742150185;
102.19534790483, 109.027143965764;
102.329737052999, 108.882843982532;
102.39198394164, 108.644712691925;
102.032800092535, 108.77989425567;
102.015823292179, 108.800354892885;
102.329279915797, 108.754310457337;
102.392537031492, 108.546358468747;
102.656586239483, 108.831255308511;
102.635157416342, 109.041727533711;
102.634227215191, 109.191002574879;
102.54004069636, 109.170989991401;
102.746661377473, 109.12489263567;
102.797803939597, 109.172171524197;
102.585961120222, 109.834661764295;
102.372483744812, 110.300194964641;
102.319248280157, 110.297659737317;
102.356153880205, 110.316528425332;
102.44890211814, 110.243641538272;
102.217674514993, 110.419674937447;
102.015749047612, 110.358304336581;
101.751210867113, 110.234169300689;
101.516477573117, 110.209947112439;
101.407968535847, 109.997840098721;
101.479607103176, 111.189105725926;
101.908276627318, 110.458958187965;
102.285995001565, 109.964518568541;
102.309364182267, 109.564856509226;
102.333297120655, 112.039937141158;
102.335913000221, 109.444548000305;
102.65688232794, 109.148857715394;
102.701856998315, 109.112835106204;
102.746680655829, 109.525621135749;
102.915582554498, 108.824778494156;
103.105811576685, 108.553350704368;
103.033767689348, 108.41839824292;
103.078389387179, 108.601833839288;
102.936036772827, 108.702564529593;
102.992231617758, 108.895197452575;
103.041773146488, 108.814889998289;
102.960858472494, 108.696868880765;
102.961931012295, 108.683428000096;
103.014225744526, 107.883845864162;
103.20316476732, 107.977748386538;
103.284555340409, 108.111358429072;
103.340975754226, 108.171692238503;
103.492254134291, 108.544133284668;
103.438672167855, 108.523239488446;
103.385021682229, 108.249928892449;
103.334671613915, 108.260122168045;
103.314640950222, 108.150759806235;
103.358538872076, 108.281269667355;
103.342354070719, 108.552278756456;
103.446835282415, 108.736596907111;
103.704098623437, 109.17299770586;
103.653005554103, 109.476551166075;
103.036030085833, 109.103267302447;
102.614043733289, 108.901660251166;
102.619284457468, 108.660761990897;
102.710532910529, 108.548526037177;
102.543661909938, 108.639484062931;
102.520801109953, 108.778433226967;
102.590217595203, 108.959147967389;
102.766489587243, 109.157994870558;
102.843515838114, 108.660912471775;
102.86390164848, 108.901260059963;
103.025520623779, 109.013585949615;
102.781809885528, 109.097166529984;
102.587191047652, 109.309840244837;
102.584910856648, 109.506823526155;
102.83403966815, 109.697557763326;
103.047345233681, 111.050804115037;
102.964400615202, 110.245127837513;
102.894922579677, 110.300839421178;
102.927015635989, 110.150693529816;
102.868282253481, 113.262457140385;
102.639573629453, 110.637304519474;
102.568903924368, 111.070607442628;
102.712057962732, 111.880312597479;
102.520768425487, 110.637146527426;
102.499038710589, 110.167202156385;
102.521356923168, 110.787413278084;
102.388286630757, 110.481706869261;
102.445472754759, 112.841245103171;
102.456725945627, 111.086560630419;
102.507307514623, 110.583137663804;
102.537448609197, 110.670356396994;
102.550303718174, 112.860410058502;
102.621456438424, 111.179640107422;
102.766951104419, 110.726038667319;
102.968559804716, 110.375554204201;
103.029110215651, 113.918674412585;
102.878259020335, 111.26009916942;
102.465381140153, 110.82526152885;
102.535640765607, 111.983919433285;
102.792253887778, 111.478002858355;
102.971482718515, 112.566675681833;
102.502122068082, 111.852946926338;
102.36776030251, 111.1384515873;
102.765092404371, 114.038207771321;
103.075219663668, 115.158565816308;
103.463602039872, 112.22723273572;
103.996135524688, 112.24770582598;
104.286045070535, 104.469172569681;
104.340503874229, 109.859808492183;
104.429065620472, 110.341547917514;
104.386885317156, 110.370651218612;
104.407371903784, 104.256405280219;
104.524592978966, 112.077050740798;
104.451143041325, 114.536431157959;
104.390552277448, 110.335588881631;
104.025158705957, 111.93115196195;
103.947181497441, 104.089676828919;
103.897439986938, 114.965863771421;
103.917096566287, 110.040129654092;
104.429688181108, 119.792293892401;
104.643084195055, 119.841970398915;
104.711170066773, 120.510824699905;
104.499010252012, 122.04427251328;
104.40641396701, 122.538440259285;
104.668401659385, 122.068604785503;
104.945525478383, 121.794144400804;
105.123042783074, 121.595605091389;
105.143160671922, 121.570030345189;
104.997499425284, 121.683286315612;
103.218752958598, 120.195654710427;
101.442113387043, 119.107766959861;
100.540196566866, 118.310319605071;
100.17536718332, 118.272071666778;
100.19358634426, 118.400933341129;
101.357004446427, 119.982208911085;
102.294186439606, 120.375333292641;
103.677197323525, 119.015560281617;
105.017915258963, 123.995751618342;
105.899091850957, 125.611622284626;
111.429414717822, 117.196932803301;
113.87070580936, 118.405308857635;
114.125564360149, 118.420694187862;
113.223378783559, 117.334899883715;
111.837333384494, 116.054515884395;
110.726478617804, 115.063027202007;
109.813184891644, 113.999114766427;
109.262908325867, 113.610746803104;
108.945747174699, 113.534013472732;
108.410241474083, 121.146099946947;
108.42551894396, 127.909882346309;
108.907624813814, 113.901027414284;
108.952061653502, 120.790371916557;
108.91415921116, 114.624777977967;
108.886317932621, 114.514097019058;
108.857297537635, 114.229799878373;
108.993391097375, 114.037828296253;
108.948672841078, 113.625696944768;
108.945793786983, 113.565078651267;
108.865647343665, 113.478481875817;
108.698563502674, 113.571031041029;
107.981912128826, 113.33245256499;
107.206879037774, 113.448854343792;
107.110505953059, 113.613374623979;
106.965269421191, 113.684071786529;
106.91910700146, 113.771050741741;
106.896162921452, 113.809270170931;
106.85354553696, 113.781460019093;
106.626782218585, 113.563224162622;
106.006993491317, 113.099848880331;
105.708452865254, 127.019301449904;
105.569635448904, 126.703670034187;
105.548976287062, 126.25464377915;
105.572124493944, 126.52399781551;
105.75593926849, 126.602446629232;
106.204629269543, 126.876644128455;
106.237471553585, 126.675866165741;
106.284160418837, 125.427126046747;
106.672514687635, 119.400799190567;
106.658440916509, 127.094051091732;
106.557855426253, 129.254288331132;
106.594436085632, 120.058699682477;
106.529762514275, 119.45632438377;
106.568199486084, 119.486517190254;
106.589607346625, 119.713350691213;
106.446515973201, 119.292634070912;
106.268032724862, 119.064173366524;
106.208607917398, 119.077518457216;
106.074550453044, 120.153826237388;
105.983707445275, 119.481793065135;
105.918939003678, 119.374474788367;
106.000352724811, 119.169122270328;
106.010192392251, 118.860620807577;
106.117082378566, 119.100881037476;
105.782854645418, 118.785969798182;
105.320455239869, 118.362921952014;
104.981727620073, 118.722322629755;
104.923286954818, 118.574183040302;
104.783393205125, 118.456741797479;
104.539149922003, 118.397831237514;
104.704100982502, 126.508899388593;
104.778943653359, 118.745021674008;
104.285496197742, 119.464811557969;
103.578740303188, 119.592057769182;
103.494680260262, 127.344399961409;
103.465773345645, 119.732684691998;
103.412515042098, 127.05305191743;
103.387951764319, 119.585971304216;
103.239450829294, 118.75359997109;
103.372051331472, 118.939120194442;
103.411172601477, 118.98473952532;
103.442010229284, 118.991623969291;
103.42704230689, 118.937967308172;
103.447896351981, 118.729605777379;
103.621898929271, 117.738575125682;
104.024855401167, 116.996743523682;
104.268848280814, 115.765787696977;
105.793133413075, 116.278202525328;
106.849526157906, 115.585251402976;
108.235117473113, 111.682678184432;
109.054194452133, 111.993758470079;
112.720848366141, 115.003483772444;
116.693899793844, 117.826725680694;
117.002800287107, 118.567011732927;
114.400754865219, 116.491950438604;
112.89241519782, 117.470135804704;
112.370535356945, 116.80627280202;
112.057231199687, 116.670394700001;
112.373642004072, 116.491758442659;
113.097544579403, 116.917692041293;
113.355342675667, 116.763194350537;
113.371858602506, 116.606159611654;
112.699670840251, 115.721531217918;
111.591544822425, 114.73730741825;
110.645099449569, 113.220264055864;
110.357573377434, 112.925244607166;
109.759359568537, 111.499126952461;
109.761444979629, 110.394471053829;
109.771401356311, 110.639163871364;
109.81864973598, 110.873719436934;
109.861729827219, 110.780378266372;
109.891819757339, 110.667265430728;
109.803886638767, 110.52756960025;
109.992813753418, 110.77258352325;
110.327296774112, 111.588970854739;
110.915889695675, 111.550999668048;
111.275459562269, 111.559873656038;
111.62165623746, 111.846263992259;
111.808422950885, 112.158303030942;
111.722895487511, 112.158165122495;
111.570887614684, 112.102587628736;
110.813759802278, 111.906162335843;
109.043175703504, 122.146012484717;
107.721332293784, 119.388055844746;
107.349369107885, 112.809492339266;
106.652205206832, 118.797670597538;
105.453678045613, 125.076624131418;
105.454064015148, 116.959227376199;
106.206546215692, 122.511443431925;
107.224119327426, 110.643093373628;
108.322186778893, 110.814731158135;
108.534027808246, 110.661483153633;
107.524416962353, 116.975421389405;
106.366102890361, 110.888283348534;
105.862700547895, 115.355353851885;
105.722771420141, 124.899597963492;
105.683107132146, 115.353710382561;
105.444968836424, 108.390533453292;
105.377178821914, 112.157406523479;
105.478494854204, 107.084680523618;
105.177373068486, 106.935278233074;
105.033518068671, 106.613091007584;
105.023587990548, 106.57286508598;
105.106432581222, 106.870370585929;
105.132664552093, 107.4549854523;
105.088113059318, 108.410998107666;
105.03928104942, 108.563124906025;
104.954839774105, 108.52932717785;
104.793086009054, 108.553267022964;
104.794264418015, 108.582926633665;
104.810385194529, 107.937917330998;
104.760242352588, 107.684650792322;
104.760929034369, 107.574523609284;
104.855912075009, 105.925885372737;
104.815077350799, 106.227488197641;
104.796842049976, 106.584067033686;
105.287856672248, 106.337488117823;
106.419897363643, 106.445088483592;
106.173182826106, 106.052411574332;
105.842052164726, 105.645949695423;
106.00373391102, 105.948815960148;
106.271537523251, 107.167305895887;
106.323634687606, 108.518502324868;
106.267621832463, 109.418303983021;
106.507941091174, 110.292857791271;
106.620109872592, 110.597971744256;
106.616012078678, 111.221027169855;
106.596672881086, 111.216722812828;
106.427481269007, 111.211912214939;
106.076455160324, 117.842398564458;
106.05342565145, 111.366306452174;
105.947065433542, 111.757551318308;
105.793419945097, 110.87499240521;
105.631257086438, 116.940665542585;
105.307729344081, 116.304384632986;
105.023904506226, 110.052487813037;
105.010204112302, 115.85884967096;
104.869756854009, 115.799822600068;
104.790501618991, 120.049594207491;
104.820392378853, 119.616386651054;
104.858406015148, 115.387420972896;
104.156255343153, 115.078912326976;
103.599443000124, 109.041600644528;
103.605497962752, 114.404012978827;
103.58232384515, 114.376088271183;
103.637943398603, 114.26898280831;
103.664291130753, 114.278680378795;
103.726841524378, 113.965935865066;
103.833213200179, 114.053539413642;
103.891307893664, 113.424567692158;
100.435367430081, 118.656627805672;
101.003775898869, 120.808915787676;
100.811887365656, 121.29629360066;
100.992249881779, 121.459745719024;
101.261628448355, 121.745391543951;
101.43762493602, 122.07421083093;
101.730242127125, 122.455464144313;
101.895984332847, 122.610781764263;
101.401177664048, 122.511413957484;
102.019618451061, 122.483631613692;
102.804560971106, 121.563235466592;
103.177689615328, 125.71985548967;
103.489636513361, 125.687614909103;
103.733688310711, 117.214025110545;
104.567063351811, 116.229367105891;
105.063646497549, 123.799885953178;
105.262743205664, 122.881297950538;
105.202644552729, 123.263698789769;
105.475217327969, 122.342234253174;
106.125478977383, 124.247670436002;
106.117005772287, 123.399686757778;
105.995494780171, 123.245186446174;
105.816449180774, 123.321095958874;
105.842888263404, 123.583515557833;
105.636016225476, 123.638206593233;
105.618970499989, 124.100131710317;
105.388137848762, 123.853722192881;
105.074071843588, 122.951547431036;
105.086205882481, 122.931418674458;
104.997563083472, 122.741891204448;
104.930572382922, 107.20384235496;
105.0768274338, 107.425680021756;
104.833941267415, 107.361573434445;
104.880630481639, 107.524181322157;
104.816961261632, 107.469935053269;
104.825888667284, 107.561308674738;
104.785296769125, 107.590637555434;
104.721736645139, 107.534478518449;
104.737844854456, 107.470253879332;
104.599723714117, 107.19830747843;
104.32550451598, 106.921157833089;
104.398102958303, 122.091950622336;
104.641667476968, 114.663797623388;
104.807960154971, 117.083696179394;
104.968019422138, 120.936578255664;
105.124119263191, 121.131631037868;
105.065571861747, 117.739760546612;
105.049400991434, 121.856192829896;
104.979652979694, 117.640952167793;
105.050687557431, 117.633738063075;
105.01563869067, 122.896656391224;
105.002957856347, 122.113451232257;
104.956335401391, 122.674944965547;
104.870256402955, 122.644557765353;
104.92607444075, 123.051099007181;
105.129311246099, 123.238827465765;
105.188294755291, 122.930875504294;
105.235814784247, 123.082215858371;
105.248100762095, 123.016501505634;
105.211729579135, 122.627944258031;
105.257407235808, 122.696405957054;
105.244586247309, 107.581360151981;
105.32574344194, 122.197447428241;
105.366155157156, 122.591227499434;
105.384393778016, 116.296636552279;
105.263211721593, 121.358519920379;
105.228701643142, 121.621394932373;
105.333563372996, 121.82775488871;
105.289437127491, 121.875596877071;
105.242652108962, 121.903490935987;
105.041463646965, 120.751392841403;
104.963561205349, 121.331568891277;
104.841288587987, 115.002960617118;
104.823768236714, 115.147122540064;
104.48785729996, 114.823783352376;
104.374635803111, 114.620580029421;
104.198724935834, 118.855603592919;
104.102261836785, 119.105554732644;
103.900901846298, 114.202978683217;
103.853422155415, 118.790191379703;
103.801346773891, 118.584879703611;
103.820715558564, 112.495511165803;
103.876565149277, 119.610430439372;
103.908620932031, 113.334508367274;
103.949705585832, 119.590801545324;
104.017291306864, 119.140452335068;
104.097276527467, 115.249980020549;
104.046661468219, 114.837822509062;
103.702548274829, 114.372463945392;
103.432035702873, 113.843721407692;
102.660926301382, 112.929543348227;
102.080768070474, 113.395092487461;
101.982744048344, 113.068533629736;
102.295006929569, 118.152245089936;
102.400474356096, 106.279456384736;
102.540869027054, 106.105743682699;
102.685562285753, 106.363863969525;
102.899028487519, 106.598512575692;
102.97005116203, 106.671703125843;
102.913377307403, 106.728423603834;
102.617955471737, 106.554739826075;
102.563772484154, 106.39469145168;
102.384433066653, 106.038892613489;
102.368671273003, 106.176743780309;
102.364898821969, 106.01993570764;
102.373860568437, 105.765282305908;
102.628304338765, 106.200737923286;
102.711266317068, 106.317261419084;
102.747407886988, 106.405461041162;
102.729310243108, 106.454378659444;
102.856047089522, 112.46035667351;
103.025289023419, 107.16376992198;
103.221748979131, 107.042125364824;
103.426450182677, 106.90026040198;
103.46760610875, 106.57045100184;
103.524447317079, 105.739344612882;
103.59248525358, 106.366024450554;
103.76536144624, 106.729894440703;
103.812776407673, 106.912487099563;
103.861867789569, 107.016086150585;
103.931855932336, 107.139198084037;
103.896269913295, 107.328304110309;
103.872299044722, 107.299903257444;
103.856334765427, 107.443206334255;
103.843329951349, 107.469404810428;
103.869740561589, 107.627864560271;
103.917946213006, 108.243710603488;
103.952032619308, 108.242586391677;
103.958443473662, 113.927907261012;
103.89450611791, 108.046914154321;
103.87131669925, 107.747975262083;
103.983177998233, 107.876104179888;
104.176452593138, 107.984657080605;
104.24332349586, 107.653512417362;
104.231017276704, 107.513572754207;
104.304458982751, 107.705637400016;
104.311009739782, 107.737677313521;
104.333595178116, 107.808604601133;
104.377658594531, 107.778002900092;
104.30092926409, 107.59431169462;
104.257211045563, 107.784414566358;
104.257640464906, 107.771553642266;
104.194951394902, 107.741580184634;
104.215369035991, 107.802877367586;
104.278304063453, 107.813734120905;
104.392235536995, 107.979248835472;
104.299135191874, 107.999906398174;
104.15242304124, 107.943311855275;
104.105870507374, 107.846875621558;
104.105384651162, 107.97862816968;
104.094657258487, 107.899039622861;
103.989803739544, 107.657552904987;
103.851606100216, 114.733235794763;
103.575495420395, 107.792802671563;
103.412458786488, 107.628440415283;
103.238795104765, 113.57506725397;
103.173274879363, 107.454971533185;
103.123907899952, 107.437569823433;
103.078561135021, 107.409999139942;
103.021852780403, 107.432576031663;
103.168097539557, 107.527143079808;
103.170905052823, 107.418458368057;
103.208693220211, 107.370958811282;
103.255726375432, 107.456052369636;
103.273697147258, 107.36077056854;
103.378911854561, 107.321617869186;
103.497204526351, 107.454818669427;
103.436888510629, 107.515656514976;
103.444889819478, 107.478420488042;
103.453411351724, 107.585208293784;
103.4334400599, 107.682778054273;
103.480265487071, 107.689147637338;
103.66165809021, 108.030115712767;
103.594423547979, 107.5480215057;
103.646619686552, 107.282396693498;
103.705450375995, 107.381202117939;
104.073284155877, 107.751084432977;
104.111463802738, 107.811731692474;
104.04786812267, 107.807432159132;
103.983320835609, 107.732483367206;
103.850280551371, 107.304016659094;
103.707557141757, 107.337082796292;
103.52515819196, 107.26573384559;
103.328038032244, 107.143795174756;
103.314558140938, 107.218983793177;
103.284342231327, 107.231235416189;
103.322860276861, 107.244373364284;
103.531707418436, 107.399362943277;
103.849615742697, 107.728083517855;
103.92173997124, 107.660205442766;
103.99053246862, 107.696361389402;
104.005473139541, 107.719375043267;
103.968915511834, 107.527354038129;
103.98514277565, 107.526294342896;
103.817205702724, 107.488303479773;
103.678763985015, 107.336642888885;
103.696029371038, 107.465970936327;
103.649070542822, 107.947961150042;
103.556370440247, 115.24409469901;
103.395885482142, 115.502602566878;
