97.472222154337, 172.640272424252;
97.4884184553571, 172.815855106176;
97.5002133114381, 172.960388483087;
97.5210413251638, 173.049691803267;
97.5137872502992, 173.120189901713;
97.4287266500445, 172.906325707525;
97.3614433089906, 172.780306464065;
97.3824055962676, 172.742323368428;
97.3171796992164, 172.740511778955;
97.2628252645973, 172.867650906393;
97.1973305113222, 173.022741469347;
97.0754269835116, 173.01505301212;
96.7452742678327, 172.398194134167;
96.544173466259, 171.737689462713;
96.3329230811142, 170.995659291628;
96.3486818770832, 171.065939144185;
96.1858304954056, 170.973234791432;
96.0977937332019, 171.077696449701;
96.0095951264686, 171.613514393612;
95.856772703481, 172.097959735085;
95.7755569992403, 172.301183417702;
95.7648202190381, 172.398535849321;
95.7413933394678, 172.488940157962;
95.7066487993212, 172.541576731496;
95.6584592646911, 172.613036833595;
95.6490793633226, 172.532263912635;
95.6333368754981, 172.549859254387;
95.6262576646814, 172.557819917298;
95.6221907710398, 172.575655638291;
95.5543154053723, 172.713563238761;
95.552666114433, 172.819963276526;
95.4592853966417, 172.567441826828;
95.4289119136258, 172.121165059169;
95.4324174021822, 171.886350330683;
95.384041657812, 171.786647921273;
95.315720939429, 171.786439123905;
95.2706289697112, 171.995099128905;
95.3149976310136, 172.560609042107;
95.2561733259358, 172.872508508917;
95.1521329349481, 173.157814124162;
95.0966232099276, 173.359168930937;
95.0586711954808, 173.590100423401;
95.005375884911, 173.636532330276;
94.9913924522486, 173.697865214655;
95.0023935031588, 173.673956852687;
95.0156706203789, 173.074427872195;
95.1494362215047, 172.188146532214;
95.7243176714397, 173.922242810708;
95.9095652821176, 172.821472649955;
96.0047835221996, 172.569653965757;
96.0166795332229, 172.890600621313;
95.7356506813277, 173.546508253623;
95.5004360214633, 174.004153242446;
95.1804561382224, 173.89235844754;
94.9651186315419, 173.862072093193;
94.9211642426873, 173.88007937113;
94.9556410355292, 173.891841215361;
94.9621997437087, 173.878700337675;
95.0434423445562, 173.040642941526;
95.0747908759686, 173.011440638235;
95.008607410497, 173.141204375358;
94.9651038383078, 173.358505590475;
94.9186514284855, 173.596162470108;
94.8056006613814, 173.515259326888;
94.7733675097012, 173.578842572698;
94.7857346023962, 173.587424411732;
94.7707057215511, 173.282179797424;
94.8050125494782, 173.096501005128;
94.8692432914083, 172.783606547031;
95.223704995225, 171.492012355817;
95.7810745175408, 170.130249620509;
95.9390694283899, 167.812550453798;
96.244297572604, 166.353459720731;
96.4804676753568, 165.42139224052;
96.7474940867613, 165.11590103447;
96.960145564612, 165.138989070654;
97.0853545082661, 165.251335832192;
97.1413927702927, 165.271303771275;
97.2365826162382, 165.365902322511;
97.2660894804244, 165.240875627723;
97.3368068323857, 165.172008229415;
97.5481451649396, 165.139649046923;
97.7540679277379, 165.189419770812;
97.8587785382494, 165.305940368425;
98.383286412412, 165.531190383208;
98.5677414679147, 165.890530555198;
98.3069360736368, 167.309861069579;
97.1657597697763, 168.442760313544;
96.4052501278522, 169.89915063174;
95.7223191608151, 170.210389063407;
95.5142377346903, 170.493430511111;
95.3929695831017, 170.211438722579;
95.3658948193883, 170.388877126695;
95.4355567846214, 170.287315354808;
95.5351823174913, 168.672731351864;
94.9142144306316, 167.328753985757;
95.0926339247605, 168.554099293727;
95.2586415021009, 169.912639719275;
95.2077093178228, 173.391123376035;
94.7297917412402, 174.13671483819;
94.4898738091148, 174.150952786001;
94.4125440560814, 174.03186883901;
94.3859565387117, 173.72066730324;
94.274738318866, 173.938581666752;
94.1741745119366, 173.845461723903;
94.0948046356271, 173.808899217414;
93.9060403243761, 173.862917530221;
93.6384354766993, 175.159631960617;
93.5835501308265, 174.170264952905;
93.5847131837908, 173.799459289676;
93.6448806698464, 173.3509770834;
93.7455910155325, 172.715872412991;
94.176909430007, 172.454307604434;
94.4403453965588, 172.030503628229;
94.7035256615282, 170.770798911357;
94.9732130926857, 169.958932333119;
95.035242280424, 169.13030826593;
95.0610783970943, 168.34332562609;
95.059272637728, 168.090359085713;
95.0743910035524, 168.038796807547;
95.0291300057325, 167.968824572147;
95.0122080112797, 167.806035835626;
95.0267077591874, 167.644916362742;
95.0490018694712, 167.498230873314;
95.0818894224409, 167.326736011578;
95.107411827494, 166.971647892725;
95.1122591472903, 166.37878965477;
95.1140213939766, 165.985535008353;
95.1536270022885, 165.633560140234;
95.1440880056108, 165.169031423468;
95.1117228113485, 164.408209059503;
95.1417514482372, 163.645674768754;
95.1928458186173, 162.843570012963;
95.1103740253981, 161.435801933411;
95.2050371598507, 160.858337762679;
95.2405226997734, 161.621654507167;
95.1741787165009, 161.822561793783;
95.1152548820569, 163.197638716809;
94.8757602400735, 164.927958371665;
94.4970401926266, 166.559665797291;
94.1669817385322, 170.177677482831;
93.5583332735568, 172.638111538097;
92.6243525410711, 173.849338330805;
92.4821578749719, 174.029847706272;
92.2165620075019, 175.473529086647;
92.0381200706521, 173.431540222746;
91.980840044349, 172.070637485008;
92.1521965625676, 171.315937560315;
92.2027191635736, 169.939778752182;
92.2686521582732, 168.389360591384;
92.3943176376131, 166.957695896873;
92.4529168926773, 165.961333782375;
92.5176030873794, 165.392244150816;
92.5548508359009, 165.103532313326;
92.5807826103819, 164.857219462431;
92.6388035692895, 164.705205422289;
92.6084700249734, 164.388331713855;
92.5628541991966, 164.21971343503;
92.5666773616926, 164.032463269918;
92.5679122109613, 163.611306617738;
92.6040889674127, 163.315649612758;
92.6582172358907, 162.969191123287;
92.6763183397746, 162.445030875534;
92.6972478263475, 162.099128253104;
92.8054188781471, 161.731817762008;
92.875780665704, 161.55240083362;
92.9792002533409, 161.131188433471;
93.1322586974976, 160.778241546129;
93.2630793081157, 160.800788040757;
93.1928735900797, 160.856933096009;
93.1978575575676, 160.920459848264;
93.2428410566759, 161.000204814486;
93.2907125557488, 161.344056702298;
93.2372923823946, 161.756315474752;
93.1786960758932, 162.067512421721;
93.1218013394802, 162.165864746515;
93.0657388767661, 162.30308265224;
93.1063399605228, 162.399716779983;
93.0434677381672, 162.435053081328;
92.953826895094, 162.466005277865;
92.9188383808996, 162.643786219242;
92.8870558355931, 162.711993164501;
92.8420780438573, 162.714842042574;
92.7970126528852, 162.697612798076;
92.8255689440983, 162.751477668644;
92.7941179092074, 162.781729282403;
92.8239505527065, 162.773040952855;
92.9216085263221, 162.547350280908;
92.9655556536736, 162.459001149121;
93.0048657206318, 162.506854244468;
93.0043798403229, 162.668794139081;
92.910289602932, 163.016652844248;
92.9137640400243, 164.168963321293;
92.9032144099849, 165.569806453519;
92.8662008148988, 166.803576342965;
92.6974655437755, 169.305316521497;
92.4887030815683, 174.580444860703;
92.4409348080375, 176.531244341594;
92.3201779233218, 176.504540457368;
92.2441538932526, 176.623588070415;
89.8289707571725, 156.695615077102;
90.7935165805412, 171.310915656064;
90.5117029947199, 172.624890224743;
89.7415357706986, 172.47622940774;
90.3979436029347, 171.420677264172;
90.3471104782698, 171.50596782469;
90.1231236655114, 170.890415625216;
89.9254172361901, 169.68734433384;
90.0028952534959, 168.888468548539;
90.0532636260234, 168.655048267539;
90.0232360066163, 168.230423382154;
90.1212176357351, 168.467169827482;
90.0613003787515, 168.325274688885;
90.053823604973, 167.64390592097;
90.0413330462233, 165.805911881001;
90.0295098609044, 162.825680889621;
90.1066659347705, 161.731561462646;
90.1946226144349, 162.044955331331;
90.2771623929301, 162.822433449156;
90.3556525878317, 163.934836097211;
90.4311241227917, 164.873498416265;
90.4618701340074, 165.514218053853;
90.5115804310063, 165.466834637912;
90.5375864105885, 165.073806574158;
90.5282538297631, 164.310268879998;
90.578207554034, 163.710504351399;
90.6388184842884, 163.327046739091;
90.6636388105038, 163.086071533703;
90.7271185591332, 162.835220967152;
90.4669588222965, 162.785216689955;
90.2466559824503, 163.400702786091;
90.1786208291388, 163.550373565922;
90.0861704860766, 163.46939161869;
90.0256729183086, 163.069734747788;
89.9875096857343, 162.56242122616;
90.0096921702783, 162.091512768717;
90.0704199856375, 161.690614799905;
90.1283027962427, 161.660500183315;
90.1773442407131, 161.56659642448;
90.2001667707059, 161.468021529107;
90.2112304795109, 161.184804215723;
90.2571277873089, 161.045901628183;
90.2877646129283, 161.115308372863;
90.3633683953627, 161.953948362663;
90.3672139420281, 163.374084253185;
90.3365832695087, 163.937382074351;
90.3826720120935, 164.054920763398;
90.3515082448175, 164.102489985286;
90.3057044182499, 164.021226527528;
90.3729411324606, 163.82375072763;
90.4488586061394, 163.201364729392;
90.5783084882298, 162.402674316307;
90.6480510544839, 161.46987488465;
90.6893653321784, 161.044963077061;
90.7251170446372, 160.768162389708;
90.8192695644591, 160.687544302971;
90.8538021289247, 160.689362572294;
90.8593939994044, 160.509800232068;
90.8861974799748, 160.47332263424;
90.837708280523, 160.521528265809;
90.8072523097263, 160.634960493171;
90.737002397659, 160.745457795764;
90.7263552719585, 160.97762878469;
90.5520730390626, 161.086409870656;
90.4479160431199, 161.291955770983;
90.4453297537801, 161.164312039796;
90.4498344810819, 161.096098999934;
90.4095324062792, 160.94188814345;
90.4049867032179, 160.822504359043;
90.3910421330305, 160.797614582774;
90.3988561800009, 160.766148760561;
90.4159773177779, 160.863112335426;
90.1325276277673, 160.870781766911;
90.1674313517675, 160.956144009913;
90.2322339526099, 160.844783969017;
90.4237657522964, 160.841330285324;
90.7181038006738, 160.531693664439;
91.0361026876331, 160.352227284367;
91.1976719735349, 160.163144437152;
91.3661831861944, 160.075557905694;
91.9238361455482, 160.094136916207;
92.3191298606391, 160.104517041813;
92.408955129131, 159.878105957467;
92.5629467622036, 160.012236964365;
92.3781448612084, 159.978736496192;
92.2093782316417, 160.164409739397;
91.9822281721966, 160.421385894817;
91.7515413722694, 160.390141186404;
91.576365762521, 160.335494120234;
91.4227331816986, 160.381178363201;
91.130315174454, 160.462296469895;
91.0322470474946, 160.595771553898;
91.0188145782294, 160.61882796879;
90.9471168032545, 160.67062550697;
90.8410565498552, 160.730612990222;
90.8094522192552, 160.92400864449;
91.0444114311588, 160.940806526145;
91.4195128112481, 160.646785032949;
91.5177975834315, 160.487842527862;
91.5955623761261, 160.448894831098;
91.8617077691263, 160.356117308963;
91.9627092241484, 160.271064252849;
92.1308917323967, 160.245905602519;
92.2752362459792, 160.249132045254;
92.3447681995479, 160.350412093911;
92.1421287612167, 160.414483412883;
92.0497347205992, 160.744348481731;
91.8933138297216, 160.767998256209;
91.7049481254457, 160.885398960055;
91.5801760632188, 160.983932296911;
91.5077066476213, 160.981980294596;
91.4461974922139, 160.904877323874;
91.4089322595804, 160.960177682662;
91.4031456240673, 160.966753141592;
91.3776748953114, 160.928098122258;
91.3713345435056, 160.844266098673;
91.3691299537904, 160.758308917191;
91.3337506567288, 160.499774294822;
91.3319671671508, 160.32641798361;
91.4464602601664, 160.198776452494;
91.4886173586266, 159.649533243656;
91.5048366265596, 159.432558614705;
91.5545883757184, 159.508692261016;
91.7010447695029, 159.622959919009;
91.4247698614083, 159.917410692263;
90.9606497642113, 160.129583829803;
90.766417450202, 160.185305540715;
90.6927722487237, 160.400127444986;
90.6078663199829, 160.388563773517;
90.5557538819368, 160.511526027152;
90.5261171908185, 160.437681597938;
90.5188991154529, 160.381514662368;
90.5651134733744, 160.245733850659;
90.6464844084172, 160.261104580169;
90.7254330973847, 160.338814125529;
90.8727206552631, 160.359885939492;
90.8946488992717, 160.020350197898;
90.9130803997994, 159.876025587437;
91.0142366501142, 159.869881407392;
91.2201622651072, 159.913001217924;
91.495782570802, 160.177901420598;
91.6958181875905, 160.081695580948;
91.7883254851076, 160.131311109339;
91.8284253451377, 159.993601795724;
91.6744286159854, 160.037133597378;
91.5850253717844, 160.155761596041;
91.4829330212147, 160.173414045849;
91.4527005562748, 160.164390977124;
91.2814406697421, 160.034734302708;
91.2528679447106, 160.061388239743;
91.2120195799093, 160.07688860589;
91.1283545417531, 160.103096211355;
91.0637541928879, 160.386656104377;
90.8399778540427, 160.348858144222;
90.6362403481769, 160.308829068275;
90.611258217922, 160.29935994833;
90.5996902355323, 160.321769129237;
90.4277868976567, 160.260818808567;
90.3907572977166, 160.334413331911;
90.3883890222097, 160.22159947643;
90.4220661480629, 160.138894908224;
90.4521818671816, 160.21091972974;
90.5309864144576, 160.387752062757;
90.4231272588953, 160.346884766712;
90.5248767613114, 160.351667182385;
90.5519986154565, 160.287612943094;
90.4718718808088, 160.290621836154;
90.4124466811898, 160.185758313524;
90.3141047385868, 160.293845810471;
90.2368371610876, 160.261605448607;
90.2546223103106, 160.342279906712;
90.2719999689201, 160.319693375076;
90.3341977402555, 160.336843112808;
90.5103962089201, 160.437349748856;
90.5336512531115, 160.467773336372;
90.4620221425583, 160.353414187891;
90.5404941256964, 160.444867851098;
90.5690219977074, 160.411688154903;
90.4956383797116, 160.234183490842;
90.4167922959309, 160.102219260258;
90.4844156938519, 160.148559872662;
90.522243004157, 160.229209495065;
90.649444893576, 160.258742291976;
90.7464186672277, 160.20756980996;
90.72301484489, 160.119719644145;
90.6647574542498, 160.211977330486;
90.4934120718708, 160.171487274114;
90.3464263174194, 160.178573676398;
90.4182210398411, 160.308605232207;
90.4515066075688, 160.467866704281;
90.5016250847474, 160.574460692935;
90.5430481879046, 160.592077414878;
90.4972793851279, 160.494151378615;
90.5458777477968, 160.477743511317;
90.4999827015322, 160.401531556736;
90.3665295977375, 160.213319378042;
90.2208197719063, 160.081716994955;
90.2469570448593, 160.060317961913;
90.448048952087, 160.322208151538;
90.6260040871638, 160.361101566857;
91.629259989038, 168.125278374328;
91.6297449877424, 168.220069707974;
91.6485784425457, 168.266503817713;
91.6464553389964, 167.863542997903;
91.8092587628884, 167.434251132385;
91.9784426661915, 167.479408387194;
92.2764222706505, 167.595375955444;
92.6525466445922, 167.368111139077;
92.8162104401768, 167.045132322846;
92.9147997075978, 166.781528928293;
92.9449202872804, 166.724962455528;
93.0223641792622, 166.803822239985;
93.0744638914508, 166.851095863488;
93.1053308118846, 167.034011410368;
93.0580143958346, 166.926813266661;
93.026987411783, 166.444564783445;
93.0604134175057, 164.169318133162;
93.4128621036877, 160.933843348942;
93.7852787266448, 158.615471848163;
94.0576108357449, 158.120485034694;
94.1543645346296, 157.996482143001;
93.9691168966541, 157.774670744744;
93.7912521552912, 157.68661712303;
93.6273727027042, 157.773881500156;
93.1372011646513, 158.387292121387;
92.8966904537195, 158.947467630543;
92.7301272285691, 159.207227401745;
92.6923472458143, 159.387552430605;
92.6921324605141, 159.468228825504;
92.6254322053364, 159.634620015269;
92.4289029688316, 159.623729939279;
92.3003646284688, 159.465517912093;
92.1405228736286, 159.059997638244;
91.6201026207092, 158.769440767037;
91.2954160225486, 158.823618222772;
91.1686574960656, 158.824559898113;
91.0612302603039, 158.864119315277;
90.9061319405798, 158.857227332721;
90.7030992721244, 159.350231127688;
90.5086090038301, 159.048062260546;
90.4498754512033, 158.919884611926;
90.300265560308, 161.095258428081;
90.2318358166861, 158.984553477278;
90.1901294199548, 159.001399961219;
90.2227835910615, 160.510384026814;
90.147567064589, 159.325425836615;
90.1370802156122, 159.191342500283;
90.1377777221642, 161.046684985697;
90.1081282134199, 158.958116628406;
90.0846997470563, 159.254739982557;
90.0842787755833, 160.97538874776;
90.0367174970978, 160.761241905306;
90.0259546435576, 161.004126850764;
90.0167802369546, 160.806354587138;
90.0122388522684, 160.956765551194;
89.9818630912818, 159.233787777814;
89.9851510700369, 160.659314569226;
89.926199593697, 161.328679964465;
89.8307748066584, 161.389809261937;
89.7325359361089, 161.419204750854;
89.8237692456623, 161.807346754448;
89.8676156634577, 161.727192254855;
90.0021677675779, 161.487290730425;
90.0769862197888, 161.635214633905;
89.8871919303496, 161.473129213649;
89.7489165242903, 161.195046562369;
89.6449732271473, 161.057097077856;
89.4909142841265, 160.83731704673;
89.4149044393254, 160.417193401171;
89.5621436672085, 159.878263115323;
89.8713835657602, 162.245120269212;
89.9972617522668, 160.41005093491;
90.0540967698395, 162.598262072104;
90.0218142294301, 162.070217540125;
89.959547698855, 159.746600372985;
89.9082069687873, 161.441357321086;
89.8847186529272, 159.623213336308;
89.8534031845893, 161.245600484404;
89.3886100792245, 162.492191299019;
88.4529101615197, 160.31245210023;
88.3546932957316, 159.929933515014;
88.3226208263128, 161.53791791303;
88.4449525423973, 159.718007249822;
88.5591825143369, 158.701340385703;
88.624555185287, 158.773849855713;
88.6739470720382, 160.954492263352;
88.6767317158581, 160.989622154659;
88.6792349635596, 159.616343679763;
88.649301615242, 161.513037018854;
88.6434607886618, 161.560448910229;
88.6593156724651, 161.684407195622;
88.5650859757752, 159.948953424327;
88.4834348321258, 159.702133547559;
88.368455178285, 162.2906094973;
88.2687406059094, 162.362525455548;
88.1916180843803, 162.108614830528;
88.0322683819864, 159.879628320465;
88.0341267165253, 160.682606430366;
87.8963757758966, 158.085520883002;
87.6209827672189, 161.76619689358;
87.024017575205, 161.092670126209;
86.8230336345386, 161.703711291918;
87.0119364911956, 161.067806956144;
86.7451594187002, 158.186825006724;
86.5518931637472, 158.566178960152;
86.4708039558578, 159.882904176949;
86.4496475693909, 158.341342499735;
86.271571714574, 160.446734228072;
85.9703257837718, 158.860097160363;
85.9954657606591, 158.48510556915;
85.9553738677622, 158.733606144414;
85.9891253543199, 158.832475776415;
85.99213351994, 158.369261193812;
85.99105291088, 160.959061641785;
86.0103889686267, 158.693363078163;
86.1039553943992, 161.397386920531;
86.1393077232451, 161.286839588003;
86.1424871339541, 158.732004218824;
86.2721075708501, 160.460775648774;
86.700153223008, 160.4581137799;
87.040754191264, 160.697836189688;
87.2210287588756, 160.641064804678;
87.2651669400706, 160.5847558229;
87.2783754048687, 159.561681084054;
87.3310786588742, 157.527699392654;
87.3978821895513, 157.507664378059;
87.1311229233837, 159.638896694419;
87.5959315947267, 159.043915313561;
87.5448372667921, 158.558711483367;
87.5547213102713, 158.520604930515;
87.4948462188542, 158.431310036324;
87.4533950838455, 159.157188922573;
87.4010356139845, 158.532339818904;
87.3465422360182, 158.473808919977;
87.3062031740385, 161.529084760587;
87.2572063856917, 161.140175173139;
87.2339372520026, 161.256643114122;
87.2202547748628, 161.202906893253;
87.1420485169638, 161.124962871613;
87.0978708389202, 158.366331964665;
87.1039332943995, 160.011124210406;
87.1029524131295, 160.116369419212;
87.1129806313337, 160.163910526714;
87.1029269408281, 160.659113759779;
87.1032266589217, 160.706656296567;
87.1229317466556, 158.225908963643;
87.1565558688346, 157.915665385003;
87.2042427919719, 157.888669339722;
87.2600006139806, 159.399254231425;
87.2816634655055, 157.388755394493;
87.3802838227245, 159.678891762554;
87.5003302654731, 160.334384191851;
87.6682111878703, 159.202329842249;
88.1481853652297, 162.394466568779;
88.3079152433148, 162.478104598707;
88.4574110376022, 161.834388786463;
88.5134335493954, 161.528918069062;
88.5672548775648, 161.693857075898;
88.7121719784055, 162.755436984423;
88.752416464143, 159.978303794042;
88.7306719402254, 159.875542981239;
88.8435925834808, 159.437680638532;
88.9385008726643, 161.196337971022;
88.9817227526679, 160.970811367847;
89.026407400822, 161.312066040092;
89.1283879494271, 161.583635232213;
89.1856539135232, 161.762137164976;
89.168995733426, 161.566200739489;
89.1787656723916, 161.603342884603;
89.0976303740808, 162.279163615762;
89.1072311451919, 162.231121462178;
89.1558027591917, 162.23404671602;
89.0774505326362, 162.006323603493;
89.0192003369617, 161.743815674246;
88.9516490827486, 161.307144299226;
88.9934615459171, 160.73054078056;
89.1722198649817, 161.327647919142;
89.2390763421785, 161.350247737656;
89.3320661462009, 161.148318663917;
89.4197821705361, 161.19394179633;
89.5197796037304, 161.241239128789;
89.5993084969549, 161.64128644101;
89.7041851364801, 161.952458826115;
89.6821269896922, 162.362194754241;
89.7545352686246, 162.155113542606;
89.7636307303063, 162.15618247409;
89.815667688946, 162.079580534179;
89.8036660036129, 161.815714488295;
89.8055496384826, 161.647559747197;
89.8436402420105, 161.756662778375;
89.9412119678323, 161.709023412417;
90.0255153279497, 162.033049809421;
90.0678673710389, 161.8286463358;
90.1225151334515, 161.692745182372;
90.1678627071274, 161.696686407252;
90.2778327629637, 161.852210275776;
90.4040366297284, 161.717792022645;
90.4898539375568, 161.63878608635;
90.5870176603166, 161.676717939934;
90.6104490878024, 160.484934422451;
