84.0130300755365, 168.172488563087;
82.8786406142569, 165.836038864401;
82.9129944218073, 165.847365323763;
84.3673534999169, 167.439713738681;
83.5883033148462, 166.353106999734;
83.2831988718583, 166.437690415697;
83.0908637196236, 166.129170031643;
83.9865693823532, 166.676957319689;
84.1548053806281, 167.362003499449;
83.0841660545974, 166.194041921536;
83.0525760161547, 166.122541395598;
82.8831670807347, 166.609851504857;
78.9231865529332, 166.507430821165;
76.8168608540849, 164.962436888;
76.1491515372538, 165.299641619038;
75.1043240720415, 165.122112252379;
74.8805671527278, 165.533326062335;
75.1044490103574, 165.753548092936;
75.0150385559124, 165.311374861687;
74.9054899967933, 165.199471739779;
75.0947237007326, 165.605771362019;
75.1042211165772, 165.528169607106;
75.2031650206095, 165.54301685626;
75.2594560219948, 165.61521164027;
75.197106850542, 165.69534855426;
75.2273152915596, 165.814497071315;
75.3982746263887, 165.986566876712;
75.7683605175748, 165.491347617285;
76.8768732651386, 166.451960494331;
78.4118226273417, 164.276273658598;
83.5632483469974, 165.180523909534;
88.7515568931773, 162.671368146082;
92.646435462558, 162.942025592165;
100.533657592674, 170.711640429821;
96.4067899327809, 164.555255733852;
96.5420277756777, 165.034493318825;
96.4242842548057, 165.095924154176;
95.8960942988674, 165.313900708964;
95.5760926848707, 165.506096631546;
94.9288912256318, 165.022661765464;
94.6504687084945, 164.929964875953;
94.2525532141627, 164.45017410129;
93.9523136146381, 164.376365237444;
93.693159267771, 164.430848134591;
93.4848689568693, 164.255810134173;
93.3801946673277, 164.1898600162;
93.0025644166404, 163.598361816993;
92.9933844596465, 163.797487009876;
92.961199193811, 164.0987758306;
92.3954116273377, 163.697531163872;
92.0383894931731, 164.014074960207;
91.6734691245075, 164.188079279572;
91.1638496572378, 164.530962183424;
90.5492474963107, 165.032956795682;
89.8633394806982, 164.78925216412;
89.2766733470385, 164.627818180175;
88.046303305396, 164.557450687231;
87.6855289178959, 166.332000976451;
87.4365979581219, 167.205807096431;
86.5792686640278, 166.50438412767;
85.4351307805276, 164.163996867133;
83.1899441796009, 161.588167675053;
79.6807692291811, 156.423324369603;
75.0099922599225, 149.099597256694;
77.3627382738628, 151.889849257855;
79.0341220839578, 155.31320030322;
79.9789427960409, 158.279821930214;
80.4228315789357, 159.092666419395;
81.9189326796488, 161.460672350214;
82.1781807812276, 161.709765510305;
81.9237750242912, 161.395561754609;
82.7484641698576, 162.467470418224;
81.1286706265266, 160.927801249808;
80.2325861227882, 161.222026482056;
79.4116098365877, 163.846899407831;
78.9240865307195, 161.882812586677;
78.8101480058892, 161.145827591779;
78.7034964385766, 161.561056261789;
78.7006421188962, 161.706017292647;
78.6528136658013, 160.997433313821;
78.4688261437974, 160.571867505859;
77.8360457687777, 158.733819868076;
77.7556019479969, 153.78955658182;
77.8461746461476, 155.163806090329;
77.8089391829629, 159.111032834621;
74.9863662468285, 156.000446520038;
72.7358095206395, 155.964226363766;
71.6605231492105, 154.650555124167;
71.4273357880082, 153.292518725831;
71.3270964932916, 154.334804464015;
71.3433425714112, 153.391933496961;
71.418415462355, 152.174356226352;
71.3250344469415, 153.873538469904;
71.314729232408, 153.228422330394;
71.2446207835428, 154.266074124115;
71.2504509365138, 154.266161171876;
71.3512769852574, 153.671689966275;
71.4225620869812, 152.251376771557;
71.5342976622839, 153.545776185998;
71.4397034053615, 153.045426561137;
74.7051117106007, 154.934065460231;
71.3005208770128, 150.204647592746;
75.3280168513962, 157.789350654341;
78.8159283549699, 163.271828787361;
79.6492080864237, 167.970201351049;
78.3367142129505, 165.134661976688;
79.0950733256584, 164.57814894781;
85.3691507697785, 167.118971095812;
89.7797880169512, 163.554471401321;
93.7754672845814, 165.528710781478;
95.6188894092999, 165.757363837363;
98.5800967373366, 165.796407671588;
107.109668191477, 172.288640871744;
107.648594596461, 171.768594655012;
106.856127943047, 172.281944670125;
103.378233827801, 168.946457222987;
102.341029461092, 167.969634892636;
100.854371842562, 166.916238962555;
99.9945661496517, 167.3393453867;
98.8078210903782, 166.099903436711;
98.4787430710215, 167.237628537945;
96.9442102950558, 168.145809111186;
93.0633110952868, 167.671584814734;
91.2833378844032, 172.324955771619;
90.628961186017, 170.060147705171;
90.4619448517745, 170.887775634751;
90.3975333998702, 171.792129613786;
90.1141273922145, 170.069696475718;
90.1479031506515, 170.293695174157;
90.1179240783072, 170.092313273929;
90.0172037331106, 169.089870633556;
89.9447355383323, 171.320045494515;
89.8790489893591, 168.691624675792;
89.5107230783593, 168.884925417963;
89.1935173995384, 168.832238914102;
89.034371925416, 168.76840302226;
88.9752781551006, 169.135012188938;
88.6792459936977, 169.248696678554;
88.5515115269739, 170.39113653252;
88.2331175077449, 170.098385235921;
86.4943032903273, 169.861656856597;
86.1993905132484, 171.594407546307;
83.5390235415611, 169.845091875529;
82.6642895891927, 168.915779041361;
82.5171986679416, 168.335174824497;
82.7207012865741, 168.069429946211;
82.6396583529348, 168.960925742425;
82.3542272379478, 168.720276020079;
83.7730599234124, 168.339865925415;
87.0874341372897, 168.00914774097;
89.1357175631814, 166.007126567353;
89.1456459697552, 166.420322619864;
89.6326266308667, 168.640028397854;
89.3688249595166, 167.110261705797;
90.0227216589078, 169.35672877764;
89.3870399327021, 169.962330356423;
88.8381878673367, 170.283863005821;
88.6343114973244, 170.482718317872;
88.5523500234173, 170.567903011425;
88.2632930894912, 170.129019427518;
87.5355500119761, 169.547355491814;
87.200818539625, 169.296252229495;
87.2550999733396, 169.508469466743;
87.134012688719, 169.394218170315;
87.079383299847, 169.138694067485;
87.1127840766672, 169.375933411482;
86.7701452095572, 168.889872610554;
86.4109008602153, 168.438061241867;
86.7183275297528, 169.979719385478;
86.5872954720826, 169.912047537552;
87.1923917257595, 172.099231922245;
85.7758894930834, 169.791617631747;
87.3985033535354, 172.110218812885;
87.2156786429447, 172.435716033685;
85.9681424846938, 170.237461482215;
83.5009265798607, 167.22989045723;
83.453164263804, 167.459461322298;
82.6416239232778, 166.267764416452;
83.3997177486783, 167.560039528586;
85.4681126096367, 170.938281082757;
85.0471661698718, 170.394826836684;
84.9229461800496, 170.117897044365;
85.1907387283552, 170.513659328582;
84.7286174101743, 169.965988674488;
83.6452683243597, 168.551721498414;
83.1304002901278, 167.964517323584;
83.3219202584375, 168.310380473683;
83.8805037967403, 169.100334404112;
84.1380884317663, 169.46880636819;
82.009692810941, 166.795701314552;
80.0784832397454, 164.997858461357;
82.147706816241, 168.26747813443;
78.8548151765389, 164.186682620849;
79.5727332206423, 167.621191239865;
78.7188414749389, 166.248310726527;
79.2690017399779, 164.775881287047;
80.3104041435312, 166.864456570661;
79.6406721103615, 166.239021339641;
79.514836531881, 166.097732466109;
79.3275790379928, 165.625413847636;
89.4482269371572, 170.831194362565;
89.4998560496777, 170.481989805822;
89.7934251397909, 171.280014942461;
89.7109772636645, 171.043432946795;
89.4465333714132, 172.204886658916;
89.90339681137, 171.615401415041;
89.8287457647185, 170.549825475998;
89.870303457293, 169.86008454458;
90.1642124000176, 170.198977395989;
90.790974141505, 170.943176649763;
90.9426200910565, 170.954073899707;
91.0130418027373, 171.39832864398;
91.1061367727617, 170.919883282358;
91.1664016910444, 170.973255063172;
91.3301227796399, 171.002695388294;
91.7789732420753, 170.652476403799;
92.2469807342884, 170.504479893459;
92.5978019764234, 170.906432046812;
92.5606007300001, 170.889802445223;
92.4366250165776, 170.795158255807;
92.9649488855151, 170.532248427242;
93.1970678487795, 170.552230425902;
93.3265506842345, 173.02442746012;
93.1824994277828, 176.015096453329;
93.1825548614733, 176.887319461232;
92.9976929178013, 177.923673868652;
91.9957348432802, 176.350528964652;
89.8445781510808, 176.653521267585;
90.1700383680301, 171.865160140399;
90.9883055830135, 167.705054250266;
91.7320863494807, 165.013112447333;
92.5642185323845, 166.106960838078;
91.8484120212753, 168.115507685646;
91.6119054551596, 168.143641198827;
91.2495364789874, 168.12664465446;
91.3468263806633, 168.441908380741;
91.4243935196921, 170.173421807329;
91.2173484407001, 172.295153235051;
91.8654967063013, 170.983421089469;
93.3055352254602, 167.147418116238;
93.5890973848233, 172.824388656161;
94.1277650279626, 170.554364642915;
94.5863945005065, 169.550443583908;
94.2295199853808, 170.405618201008;
94.1229176619195, 170.59803585504;
94.17830832843, 169.545798731957;
94.1245138229006, 169.09354139935;
94.1285100207571, 168.421501058575;
93.9431630515871, 168.757507262686;
93.8340523109365, 168.866871954651;
93.7400007472596, 168.526329580487;
93.5286318821714, 169.20347288643;
93.7306122928329, 169.871710471105;
94.0022202870645, 170.027514398874;
93.548108107777, 170.763458157429;
91.9754330125228, 170.18121630179;
89.2437417156999, 171.109127248914;
87.2344385831428, 171.15574964302;
85.6816855978006, 161.9878798933;
85.4823326587722, 159.046227126094;
84.9654825361186, 165.009410904057;
84.2715682503047, 165.386872258601;
84.3901219864704, 166.339977618424;
84.4216952062607, 168.281655874658;
84.308507461785, 168.420807624016;
84.1537735521498, 167.325311770014;
83.9927681733825, 167.121306475922;
83.714873532129, 166.113062579457;
83.7126410774715, 165.505204201078;
83.8669921440435, 165.417243746827;
84.2086427644433, 166.53759082639;
85.8058799080422, 168.770634215281;
90.8065498070218, 162.006493641065;
92.9396211084566, 164.229522394785;
94.2958207087003, 162.878934863051;
94.7552743777236, 161.072157700954;
94.9595423638662, 161.122605487345;
94.8996110521981, 161.52667564527;
94.7187341375062, 162.607664941015;
93.8799758388432, 163.680571556263;
92.914140897672, 163.697433232874;
92.0608585847372, 164.072709521592;
91.738479742603, 163.558934236325;
91.6869362395732, 163.389534405902;
92.1940773073122, 163.495294098763;
93.0724253636947, 162.394154539109;
92.7751909667629, 157.871931795588;
89.8890388200471, 150.480814871405;
90.139966280714, 148.500701273484;
92.6677704330971, 152.217921859262;
92.8610088166759, 154.175384287052;
92.6218362030863, 151.57833871989;
92.616973413394, 159.23425567548;
92.6535221008516, 161.263976125463;
92.7390469430295, 160.522406607645;
93.3044964368973, 161.665997501828;
93.5719495663714, 152.050818519917;
100.570875458988, 159.733706582161;
103.699582276472, 155.03356050474;
104.150821165319, 156.351074446418;
104.269463391593, 157.12833221508;
104.29733518954, 158.661757547895;
104.061555705796, 158.420711432463;
103.523421097015, 158.634335119923;
102.424077905408, 159.891784102656;
97.9499064036357, 159.495987685762;
85.0810050377123, 157.263469165804;
78.8884824566891, 163.172764411898;
72.8655870166556, 165.096914546501;
71.6377039003527, 166.290517018944;
71.6270108452019, 166.14577010561;
71.7438568578596, 165.666983029288;
72.2390869135775, 164.987053076787;
72.7659146822283, 164.469310942071;
73.3710459817608, 165.58805777186;
73.5302812286301, 169.418445359829;
72.678618218201, 168.853629482644;
74.7383332101693, 171.793673892475;
75.2053078830484, 172.752519062255;
76.062918475679, 173.367812696765;
76.583390588644, 173.268454920324;
76.5045849268808, 173.348251332156;
76.5165211124432, 173.386626500668;
76.4411322852151, 173.504274041606;
76.4447208861585, 173.678010137557;
77.290942098147, 170.91562351552;
77.0248365529232, 172.790541508315;
77.5697743920876, 174.376791102031;
78.4988536588004, 175.466583108348;
78.3958553210534, 175.428015385846;
78.3203260486352, 174.64660376047;
78.5614172865251, 175.332430849931;
81.2320268665739, 175.910547912114;
81.8467583287373, 171.466172330286;
83.3880685582383, 174.416099977714;
82.738958870061, 173.696505971605;
82.2559332763879, 174.426507650666;
79.4078767264752, 172.738376772174;
79.5795950163246, 174.595356359581;
80.0714628551591, 175.686188707056;
79.959319343799, 175.834653657007;
79.9555013346118, 175.197383193313;
80.3529969658129, 171.987565721192;
82.5784302022924, 175.247344356838;
82.7687387933503, 174.91299968726;
83.0919492085166, 175.018875018277;
83.6534806215178, 172.016472187085;
87.5326737503815, 171.69917693242;
88.4583867705423, 174.098975987866;
88.4487832775919, 176.692307560375;
87.8449720430535, 175.793016459829;
87.1417361002163, 175.503169968744;
86.035648291191, 176.095970780078;
83.9955078730801, 175.865836239092;
82.980858920567, 174.782301877713;
83.8966257733947, 176.52031181397;
83.7378928805624, 176.266979748745;
83.4672996721097, 176.117202719553;
83.2560819237738, 175.97236035258;
82.454288157143, 175.969214837728;
82.5418720325394, 176.188241367777;
83.1833955655287, 175.65556561578;
83.5895772619336, 175.500490957873;
88.1803073126888, 172.94685247173;
93.9910810987596, 172.46136616739;
97.4344589599109, 172.334680743072;
97.7716339249188, 172.388514016957;
98.4424700043712, 173.15228813795;
98.9215861065208, 173.10435169744;
99.3706357273369, 171.633463553786;
107.407038773431, 174.099995354214;
111.19267090816, 172.084124038741;
111.285229985993, 172.619599835947;
111.105115494231, 173.509362413949;
110.760468457087, 173.769558343924;
110.555189260921, 173.704124328738;
110.455421429636, 173.620206057641;
110.37686533222, 173.554541902839;
110.851627274597, 173.233314077747;
110.880338939063, 173.233127701076;
110.401758236856, 172.939582287652;
111.193569148928, 173.529927723103;
110.934279702402, 173.332591711871;
110.702183973311, 173.358694220439;
110.646395886064, 175.053349487631;
110.983266571376, 173.222081455185;
111.14093168222, 173.359504993623;
110.877117988596, 173.236515919382;
110.011725765702, 174.871931510308;
109.677223291189, 175.081081604026;
109.569297720576, 175.153243000281;
109.275594066609, 175.160712558665;
109.244069001026, 175.209012281539;
108.702471017442, 174.902318652926;
108.504065299802, 174.793003266343;
107.906820153531, 174.617464874826;
104.518756233837, 172.527124415135;
101.52400097613, 171.574948163487;
102.032568130417, 174.363837798022;
101.725806125402, 174.37343365831;
103.062241680024, 174.914090753124;
102.162652486699, 175.11447261879;
100.032629384918, 179.109851890013;
98.2893546459459, 176.59542074117;
97.5812133081124, 174.126580489053;
97.9654621610758, 173.332827093856;
99.8017848281678, 174.234135370187;
99.9398686466356, 173.842916154641;
99.4869922899014, 173.505440684768;
98.8849496969298, 172.638231596474;
98.499966348436, 172.929720003838;
98.4867306639999, 173.63473927483;
98.5983102263106, 173.814414670952;
98.1977270603587, 174.073832715494;
98.3363592688258, 175.308925525256;
98.2569446736629, 174.21559962989;
97.4032798571604, 174.316423986896;
96.6071641068781, 173.78783335269;
96.6176730031066, 173.37730375322;
96.4536093824007, 172.208408317546;
96.3827702954361, 171.667247696641;
95.929818315296, 171.578003838837;
94.5399137683151, 172.341656784728;
91.3590848107534, 171.004792602339;
90.4347128375695, 170.945906551578;
90.1995383328934, 171.051196078002;
89.4299755711872, 170.936840200249;
88.6997761694821, 170.521356116903;
88.4020414747208, 170.230126788225;
88.1853973249266, 170.132632580802;
88.0727439722941, 170.361165025248;
88.1455140469605, 170.958678214541;
87.053078948045, 169.735088605433;
85.5584871871243, 171.220450080258;
82.6919693133394, 171.95284257462;
81.742733500599, 171.821179492547;
81.5299388358165, 172.059064627295;
80.9588178785546, 171.592664779676;
81.3608719223115, 172.333323352735;
81.2153302098828, 171.979871561496;
81.7495348612683, 172.532361597824;
81.9820214857785, 171.817859033528;
83.5555881636977, 171.791568630585;
85.0965788991645, 171.410630464363;
87.4577869696489, 171.200608299776;
87.9540955801091, 171.682597245912;
87.8154041726146, 171.864953432043;
87.9102844365702, 172.247515891774;
88.6217094098145, 173.932657309897;
89.0389248018787, 174.161974532856;
91.0600937742557, 173.521697979261;
93.3763316681071, 173.189444617012;
93.7275763465582, 173.824300533494;
93.8422367164705, 173.838270008574;
93.4887298560225, 173.804558685895;
93.0803138428546, 173.464726134591;
92.8996989503822, 173.942953271211;
92.4544515038949, 173.790198186719;
91.2179479493278, 174.233833302655;
90.0622701793174, 174.690542550281;
88.4855468014038, 174.635638028935;
88.0881873855032, 175.003598912353;
87.9546490602759, 175.205531423582;
87.690218963775, 174.698938042289;
87.3146947726113, 174.327474721193;
86.6348353912509, 174.352922121685;
83.5641039203735, 173.841991396716;
80.3082748631068, 174.507398052399;
79.3794265384765, 173.256568544873;
79.5008613276838, 172.418616807517;
79.1223399410702, 171.352765633863;
77.2038892053537, 169.770675952476;
76.2337210285579, 166.019539514016;
75.7487134295683, 167.391716683753;
75.4638134055095, 167.392172670364;
75.3736362095372, 167.613431978415;
75.61760030263, 167.3483105495;
77.0392760579691, 169.269832239091;
82.150225091827, 167.400921186192;
85.6532793926309, 170.553289882882;
82.9552195132447, 169.85964560291;
85.8344779983771, 173.177909242651;
86.2144151619341, 172.224364043781;
84.2504153877478, 169.98049429669;
83.4912583393154, 169.936324499498;
82.6144814871141, 169.160174986914;
82.6401754139009, 169.322094075841;
85.2454664291897, 171.374929702619;
86.3518230892422, 170.644250860417;
88.0352961854798, 171.282536339145;
89.8114571091276, 172.21645001326;
90.0052897145604, 170.917739325562;
89.9386882814784, 170.803052828441;
89.9800808687144, 171.903857083746;
89.9275777517652, 172.798353412874;
89.3544954055626, 173.872821214299;
88.6622031878385, 174.045566429788;
88.1035601908769, 173.850722438252;
87.3554836931072, 173.78807400475;
86.5563556001855, 173.593596245407;
86.2347258649611, 173.722525558558;
86.1868184442619, 175.090780903472;
86.0296264375804, 175.498225157515;
85.7094404615257, 175.610933943812;
84.591341349643, 173.407018147676;
83.7495716591078, 172.487869880814;
83.4747286099786, 173.27877629634;
83.6808589049557, 175.718508801731;
83.3229748226075, 174.898334148552;
82.5624336951164, 175.303328952975;
82.1579895650072, 174.545862258415;
81.8820861778067, 174.894927539127;
81.5150719794241, 173.709919391508;
80.0659517164519, 171.636953364054;
78.0131700432799, 169.81431925492;
76.8230607811111, 170.511653575795;
77.08227101608, 169.910017824601;
78.0064224637821, 170.30296194146;
78.414971597927, 170.268477230419;
81.2120651259228, 173.056971545477;
86.2927616833236, 171.469771743644;
91.839726731888, 170.232523632894;
97.4563234689908, 170.325330151075;
100.007311047744, 168.258891234953;
100.671126821005, 169.760970493252;
99.6321988883341, 169.997763051501;
98.1781223884688, 168.847887874177;
96.9078606850086, 167.698384203362;
94.1033487055734, 167.442523923618;
92.5935576214738, 168.1448220018;
91.2030062465586, 170.281399781015;
90.1363599143703, 170.942732477898;
88.7928140031084, 170.595181687366;
87.6723789994383, 171.096356995451;
85.2815991425747, 172.333707815318;
80.7698833953548, 171.973918502027;
77.207100538768, 170.381158503513;
76.5320530528277, 169.185434542513;
76.1524101032154, 168.655490845083;
77.112616444866, 169.425940478994;
79.0440967885696, 170.362097174008;
79.1382767553595, 170.62578283044;
79.74741414512, 170.80217552892;
84.8738277028209, 172.347447547412;
86.4759010354807, 170.782928563841;
87.807055548663, 172.599071656157;
87.75232585838, 171.162155448577;
88.7222586167471, 171.077594013965;
89.2733403398853, 171.202554861889;
89.0745275221519, 172.181878110766;
87.1124257065192, 172.816802397163;
86.304209187368, 171.701676051401;
86.2505323954089, 173.23496740882;
86.3972036197199, 173.341567363189;
87.5566469540144, 173.225526657014;
90.6824604738946, 172.680080814494;
89.5300455512643, 173.820158404845;
87.6583497306058, 173.050388243296;
86.8550528331031, 171.955444309504;
85.9809214177996, 171.41856998641;
85.7272436454445, 171.396891870631;
85.2702685997667, 171.577577149322;
84.7227393114971, 173.043995615808;
83.9911134463343, 173.924799471968;
81.4207593469443, 173.007116702027;
80.0787868026778, 170.552677412791;
79.9097357350394, 169.66259886737;
79.9375597616971, 170.28152097922;
81.2631683723304, 170.959403278604;
81.782676790617, 169.761225285338;
82.3282286319456, 169.117617081921;
82.7105723778192, 169.814923218106;
82.549971476521, 169.420769372652;
82.381123138716, 168.888480123327;
83.9202311137221, 171.43842821683;
85.1210397275738, 173.381198035296;
83.3689770051271, 170.408597158676;
84.1515622078064, 171.730735433171;
84.0255863214296, 171.592426391771;
84.0347279943143, 171.115535953026;
85.73206094722, 170.301564379562;
88.208114366604, 169.709819053135;
90.6303775932102, 169.334874865808;
91.8554869782773, 170.276047149438;
91.8338055891322, 172.586962335153;
91.9395993112528, 172.343048232826;
92.1156046114127, 172.099524295685;
92.4004702905527, 171.662010524442;
92.4029824764225, 172.951183060084;
92.2996506415799, 174.353668874183;
90.588097155752, 173.567684719677;
87.1787576611399, 172.071062156286;
84.2995781739338, 168.970737538876;
83.1882096642961, 168.836723081538;
82.981355042011, 170.467978294028;
83.3627641751311, 171.516219961654;
83.4514291394556, 172.485598638039;
82.98544633793, 173.184267796651;
82.7734879847849, 173.446495626835;
82.6918943220017, 173.720459237872;
