105.637345613921, 170.503632073196;
105.721538304928, 170.583668006065;
105.732719555125, 170.738899596832;
104.6830616929, 172.208152982621;
104.513984893661, 172.694030911642;
104.596690235765, 172.974006197529;
104.894830144708, 173.604782580465;
105.40048773291, 173.499026785273;
105.697388571464, 173.455525568602;
105.925457022795, 173.277799158269;
106.045651078514, 173.045504588609;
106.071780030372, 172.988054446338;
106.140536005186, 172.953075479079;
106.281269583462, 172.90027368875;
106.375671665313, 172.837683637531;
106.330059632978, 172.98365356794;
106.349624164922, 172.872469714882;
106.416821036431, 172.985607619396;
106.474428672722, 172.866088681414;
106.414087915493, 172.659916061804;
105.206491067261, 173.251561381961;
104.798724771306, 172.962215924769;
104.723340541433, 172.942008847373;
104.405581519812, 173.355109536548;
104.304825138346, 173.452742193299;
104.393679895005, 173.35463816097;
104.396304049322, 173.421248193346;
104.599389793293, 173.229459876709;
104.712199775516, 173.111254757192;
104.673744485892, 173.197503459982;
104.835034308082, 173.004434541102;
105.027682430931, 172.744789066064;
105.2124842771, 172.578000384178;
105.293054108943, 172.625139783783;
105.297681484237, 172.724187253657;
105.350019935923, 172.863878422213;
105.555264838029, 173.369041964727;
105.629554450505, 173.472770039452;
105.403722122512, 173.623807429139;
105.30001701909, 173.327154284776;
105.511509413336, 173.797489116488;
106.868062476916, 173.793784058425;
108.338428362842, 172.984205720045;
109.24297193565, 172.543763151242;
109.574030069697, 171.818823299991;
108.828125665025, 172.536478522501;
107.445465061171, 173.025430688261;
107.597495266766, 173.189575144863;
107.741173553748, 173.349958801142;
108.43651350259, 173.215049358257;
109.403586378357, 172.38150599045;
109.742503151184, 171.862522748934;
109.262105527551, 172.619062100605;
108.926944797174, 172.245082891527;
108.631337839481, 171.798378225175;
108.142881776219, 172.208127312657;
107.377400583311, 172.564546493648;
106.761269646729, 172.435591419198;
106.598790848334, 172.826409604168;
106.662682943846, 172.901441121373;
106.869486688388, 172.588033424729;
107.037954828597, 172.687884266769;
107.158500200084, 172.758168739498;
107.220423819837, 172.764952791155;
107.203411248255, 172.827323492287;
107.0301480284, 172.835291728864;
106.906764298255, 172.721451701709;
106.533111766665, 172.894458682917;
105.429538291817, 173.586220553956;
103.671300304158, 174.858097682486;
103.122355576769, 174.07048753463;
102.959516400484, 174.707112461231;
102.761082308559, 174.937185573308;
103.341243166172, 175.805600731321;
106.875354114607, 173.627182953528;
110.058144235747, 174.21739995378;
111.920586726731, 173.013518565203;
112.461834117767, 173.034641376768;
112.486377667308, 172.329313064681;
112.30844312132, 169.062247626181;
111.572845228394, 168.44486936975;
110.436318390716, 170.950832637415;
108.849584011433, 171.769500244884;
108.351687614379, 171.551666258165;
108.04969526449, 171.342116646935;
107.499304312733, 171.858321155504;
107.050026407732, 172.531019458009;
106.651006863687, 171.753668391277;
106.25888644103, 172.007769178925;
106.124237614081, 172.256893407674;
105.948133917513, 172.667799289925;
105.995698365054, 172.899671661852;
106.185733636214, 172.977101913334;
106.254169247298, 173.011625763282;
106.351090118569, 172.97662378871;
106.296528025853, 172.841609636427;
105.874511925757, 172.486947170333;
105.261750562859, 172.722954365772;
104.252574941838, 173.347414091514;
103.881372968535, 172.458394678445;
103.796438911323, 172.99593134859;
104.254984177057, 172.881458525758;
104.37610638558, 172.87404077892;
104.69402693042, 172.600838444738;
105.094125385422, 172.372349579577;
105.192709115033, 172.213508258341;
105.475833422004, 171.729800507402;
105.488961954971, 171.640448219515;
105.531254663869, 171.525329300501;
105.140851631594, 171.519084674243;
104.965089112117, 171.385754758652;
104.718541275989, 171.593807599196;
104.660038956911, 171.583407710152;
104.345174778125, 171.732023548519;
104.201726992395, 171.492478106576;
104.005718691404, 171.13587809784;
103.833350083523, 171.339987929045;
103.940918157971, 171.641657467805;
103.843539615286, 171.99970635173;
103.683454921203, 171.790770967603;
102.827707471232, 173.682566784699;
101.683321377178, 175.714458114503;
100.673734631317, 175.995668463429;
100.553854683473, 175.517415152524;
100.364451658983, 174.64465305698;
99.9433666642188, 173.367211891159;
99.4818803177225, 172.445246088651;
99.275000282735, 172.887157838651;
100.260712258749, 173.012384878759;
100.581337463225, 173.629665880772;
100.663430975917, 173.897319055222;
100.625929198082, 175.532906650938;
100.755022154113, 174.64664990873;
100.965967413632, 175.410588709258;
101.203011813331, 175.466064914779;
101.235559280969, 176.079493909701;
101.469230044986, 176.661978193574;
101.885162299741, 176.796463036258;
101.454511091327, 177.596949657587;
100.47070530745, 178.561831278295;
100.203003943424, 177.3420156994;
99.9005983025042, 175.692679731786;
99.0159937943659, 174.018564673165;
98.588340582417, 174.998934003645;
96.7908376855901, 175.079808398606;
93.9888719266287, 174.122501470886;
93.7127643204922, 174.291240115859;
94.2054085791695, 174.439437347071;
95.1276428424376, 173.672751255567;
95.8322162989911, 172.809933725743;
97.8145433214289, 174.073869709063;
98.7713420025508, 174.108358158729;
99.0020543897104, 174.681171585957;
98.8182007216389, 175.151723936904;
97.4656036734056, 174.901305769537;
97.3605919354766, 174.736555277188;
97.4641782174456, 174.386064157479;
97.4332611801271, 174.335564687314;
97.3487099874127, 174.473732174302;
97.4145746856261, 174.615707156925;
97.3584041666228, 174.531069160031;
97.323479424395, 174.892592255155;
97.1514521427859, 175.662600728795;
97.0037159184384, 175.629631506007;
96.912868552402, 174.973089920064;
96.8957850533544, 174.603126514478;
96.8981085745494, 174.331500303904;
96.8689636953423, 174.411023537961;
96.7346477564066, 174.367425894714;
96.5770972442357, 174.439571753259;
96.3063840066204, 174.41737578415;
95.9038085832842, 174.658489077791;
94.6594614688065, 174.129312895904;
94.8870160028418, 173.493250834125;
96.014681731148, 175.538140334921;
96.0463940391382, 177.74427216043;
95.8020721790506, 177.979295674222;
96.1079338993355, 178.355547906954;
96.3982361210071, 178.705564473765;
96.6288863291557, 178.48140711905;
97.380479999066, 179.03431591481;
98.2809595067017, 177.960977647824;
98.3977148213788, 177.609630693315;
98.828207339679, 178.413351208545;
98.9234324122841, 178.310795357752;
98.9363873744264, 177.947509742297;
98.9885039817469, 177.452946848474;
100.108722935143, 177.624688846539;
102.872625107655, 178.778646769644;
104.547601726517, 179.396780936475;
105.597552507068, 178.044383438131;
106.225921181339, 175.684236259574;
106.660055129887, 177.905617420489;
106.815319383587, 177.328325203713;
107.204880863564, 179.019240994882;
107.532504874832, 178.164751734044;
107.764390214595, 177.629510026333;
108.750760198853, 176.496644939421;
108.036076846585, 177.471031637922;
107.47004853152, 176.121935725802;
109.304628917766, 176.02876933913;
109.728945894531, 175.678415204039;
110.870040195072, 175.004736523022;
111.74466779751, 176.698348321482;
112.448353788526, 177.047714644985;
112.377882964535, 176.681998354774;
111.482052245238, 175.513544637335;
110.384363904468, 174.221949027417;
108.949155777165, 174.577727563461;
108.656728324249, 174.688534737965;
108.374871801767, 174.78637128423;
108.542417161497, 174.482158042246;
108.843481878285, 174.73126700415;
108.900453366838, 174.65246389612;
109.043739017975, 172.986531091001;
108.454181878792, 174.877063281436;
108.640421075538, 174.903486752314;
108.743294852279, 175.029938686708;
108.626311377565, 175.324040424942;
108.54899903445, 175.506765944933;
108.585517003972, 175.159180736604;
108.721717015769, 174.805744105497;
109.38151208752, 174.266166661263;
109.380048032388, 174.26856787301;
109.171251129652, 174.155268974656;
109.164902575186, 174.433373388393;
108.836810554725, 175.031905396039;
108.665382462828, 174.736302774062;
108.476126579785, 174.386561630726;
108.467911577779, 174.15941286418;
108.422807612362, 174.08661783614;
108.147932281762, 174.302365947685;
108.578322315141, 173.180079984697;
109.068771958498, 173.362067956575;
109.366182335818, 173.176495945263;
109.29463242329, 172.828477719778;
109.096796659566, 173.433737144894;
108.949661601375, 173.772302613316;
108.905312130237, 173.609202677163;
108.774576382928, 173.854181554724;
109.251761260337, 173.558603306853;
108.683002799202, 175.031803064129;
108.543928969342, 175.934355411911;
108.531760871987, 176.512706747377;
108.539563083108, 176.42785291678;
108.554411095001, 176.25693771406;
108.575112923515, 175.763810362092;
108.569781421946, 176.481749496733;
108.902511920994, 173.97557963644;
108.290832975704, 175.454124895093;
109.439961952126, 172.744422320041;
108.565545108699, 172.684309583487;
108.300294377608, 172.633915442089;
107.919466229058, 174.732898078745;
108.294847810007, 176.23620895716;
109.068859180928, 175.54553925276;
108.842694131477, 175.415364253957;
108.930244328647, 174.855680124993;
108.741579676156, 174.036789457268;
107.994991179648, 174.847735302847;
107.905507334652, 174.575559316908;
108.190167922865, 174.259406131553;
107.949380304272, 174.43479234901;
108.099589574251, 174.227942208495;
108.202848136595, 173.87625730513;
107.814755772649, 174.00694360187;
107.375644914595, 174.356107741377;
107.323809673039, 174.09109319987;
107.170934547722, 173.503551922081;
107.606286983064, 172.954622393102;
107.858400937811, 173.090293323913;
107.941974343154, 173.011739007775;
107.984420883505, 173.089992090452;
107.796525593432, 173.8777984199;
107.741110680524, 174.196107550051;
108.055095298546, 174.856826648408;
108.107351825856, 174.404258994346;
107.926814663588, 174.431891756985;
107.986740873499, 174.704838390576;
108.134708909252, 173.759635625608;
107.918789885659, 173.805600754075;
108.029080802167, 173.509274372349;
108.525633391221, 172.798275785812;
108.593035525946, 172.59932906591;
108.784077966874, 173.318596279764;
108.741915338252, 173.173080106118;
108.825994686539, 172.194851890318;
109.083558356125, 172.657003171807;
108.923001952293, 173.02498307626;
108.892426539555, 172.955957270434;
108.727468675471, 172.391883783117;
108.833663023787, 172.610281476281;
108.663605930633, 172.034785658159;
108.501843825903, 172.224308974899;
107.908257798942, 173.547823266024;
107.381308305577, 173.730419377056;
106.999031330966, 173.994971256242;
106.017538587226, 174.47596864632;
105.409347893637, 174.598639220182;
105.239048309434, 174.700860462798;
105.082155709319, 174.309402644164;
104.640043531466, 174.815406930098;
104.731528479164, 174.417697820522;
104.816629858227, 173.845491278248;
105.262010989105, 173.063136941571;
105.71923631657, 172.517679407812;
106.040476779212, 171.807070579535;
106.615651353998, 172.07887489916;
107.255582993785, 172.352428853612;
107.254277746793, 172.057081474493;
107.223794953525, 172.268886294297;
106.980753944317, 171.910761725051;
106.515663329585, 172.452185677516;
106.309508810241, 172.773831964686;
106.247842751343, 174.1336151471;
107.012124239342, 174.054347504099;
107.03686799253, 172.899109558898;
107.524696766051, 173.321238741735;
107.560727758533, 173.483848899442;
107.533038424282, 172.611341950774;
106.88206960639, 172.719826566664;
106.425811385476, 173.357714046552;
105.85405007693, 173.402718805541;
105.969747222978, 173.514098040691;
106.186251685252, 173.411128533606;
106.448348765212, 173.043513219267;
106.435350632092, 172.989803402366;
106.467145981001, 172.840760367392;
106.589707836732, 172.779469807459;
106.54874518454, 172.94046034249;
106.572523474711, 173.242946124412;
106.571188783544, 172.771350579976;
106.562195826295, 172.833407355798;
106.544986018853, 172.73448463198;
106.507303273853, 172.838680575593;
106.471225433323, 172.911789561301;
106.438105933706, 172.987373972142;
106.35839088837, 172.635209663347;
106.213588942838, 172.814328671743;
105.994721499132, 173.077580479718;
105.157285546238, 174.066132078546;
104.089021728837, 175.644655880001;
103.898708883147, 176.433139125507;
104.02663628389, 177.621110700613;
104.960958084817, 177.818430163986;
105.182749115462, 178.025978999766;
104.993547052401, 177.874549248234;
104.752482502387, 177.711387005452;
104.60324518941, 177.875807607665;
104.178496526022, 177.917172986774;
103.275868547463, 177.985865702496;
102.118537096088, 176.455921428682;
102.220739041572, 177.113937037845;
102.340742600966, 177.454494748027;
102.442309368118, 177.705294580974;
103.133559960583, 178.756496340322;
103.795069949186, 178.922589630246;
103.646988770828, 179.029005315175;
103.30978932558, 179.162118745431;
102.915429547293, 178.209497805898;
102.303239065175, 176.69052149365;
102.16178599253, 176.688204956576;
102.132881060018, 176.946421281892;
101.815615368306, 176.167014812953;
101.599860506673, 176.700715016386;
101.831169934668, 176.701335677867;
101.96467493838, 176.39364098331;
101.641405237788, 177.399667347281;
101.129458147711, 178.324469687181;
101.412763938086, 177.371984473849;
102.242836136967, 178.272887916626;
104.532683308033, 178.23372341184;
106.207401195747, 176.982824123705;
106.326719612554, 176.712541523731;
106.333785481332, 175.960756323267;
106.416600079107, 174.927089111345;
106.094586553163, 174.746999696184;
105.647740182612, 175.271842874085;
105.501332257376, 175.471396690966;
105.60195873945, 175.397615423235;
105.675149664764, 175.338564385399;
105.799620336428, 175.265168057871;
105.681696074957, 175.511289623562;
105.666051730817, 175.419402419469;
105.538806129766, 173.501374833233;
104.039697635167, 175.186984103325;
104.0971447432, 175.748217812147;
106.032882943461, 174.00919732088;
105.448662792763, 175.669696891098;
105.706486581552, 174.959186996003;
104.879721747807, 176.348013792275;
104.879840230292, 176.52496676509;
105.355103278016, 175.304768369571;
105.043084338741, 176.025982651159;
105.140589795881, 175.872528607321;
105.498500002443, 175.487127647823;
105.430345502669, 175.910678081573;
106.005414451016, 175.59064670654;
106.632315844746, 175.707511194104;
107.735217347362, 174.976578026134;
107.39419745786, 177.032459409093;
108.56569937076, 176.385660530149;
109.328777158588, 175.940326590317;
110.420306807048, 173.773165014521;
110.143748923185, 173.369554701628;
110.469776754504, 172.209861929099;
110.576706658133, 172.609425439125;
111.062549599762, 175.551258853879;
111.319208392952, 175.291414334561;
111.716554619504, 174.205562114877;
111.34036279923, 173.952584587286;
111.007186462029, 172.48759803355;
110.276104371038, 172.085443168798;
108.562197752234, 174.272119966991;
107.103875221947, 173.168113820819;
105.663298465922, 173.258267260421;
104.990209947583, 173.24624976584;
104.740450390565, 173.635125600873;
104.752312798569, 174.943497210684;
105.758882335894, 175.599356660088;
106.249508728532, 175.005280995899;
106.366569622826, 174.766709775461;
106.530230761544, 172.443866963917;
106.722300732242, 172.759822591655;
106.764142675247, 174.136297731832;
107.097306803784, 173.698496285122;
109.175411546664, 172.046528594536;
109.607389813939, 172.297707713028;
110.131873684812, 172.931733487985;
110.613602969282, 171.946976210078;
110.329062388635, 169.300247520578;
108.44499705534, 171.611145905893;
107.435268408746, 171.451048307437;
106.872261032516, 171.4452775668;
106.468632141244, 171.60208119999;
106.600606822088, 171.752482109273;
106.43957799211, 172.193398186976;
106.407556691737, 172.23771283131;
106.441879297905, 172.290208290475;
106.724767567427, 172.251470195844;
106.639208232944, 172.313191780283;
106.532546871511, 172.360635673508;
106.611768894897, 172.492391955737;
106.671522992953, 172.511752046012;
107.038384619471, 172.735282931285;
107.19872062562, 172.309043392627;
107.318650941597, 172.088526068121;
107.532594861042, 172.52082143888;
107.673008421762, 171.502303287934;
107.687099542253, 171.832796615772;
107.836938953299, 171.626200449978;
108.044231893007, 171.593676741081;
107.954738564065, 170.52807882143;
107.47384434301, 171.239422116621;
108.008413027394, 170.564924695423;
108.906182157633, 170.413802573164;
109.419427218877, 170.108548548327;
109.749376767028, 170.414301341798;
109.552494417223, 170.3187719543;
109.529519703813, 170.455444565823;
109.335810372331, 169.714892833542;
109.221008592813, 169.7466631813;
109.012634440806, 169.663832220596;
108.717869734271, 169.999594556042;
108.566108429707, 170.155049467891;
108.473496898438, 170.452624392897;
108.109634026092, 170.810409771065;
107.844525645848, 170.931769578901;
107.167904799718, 172.134369581924;
107.20459083429, 174.760977035224;
107.396761592784, 175.26316997606;
107.223482140644, 175.53854511473;
107.08600223279, 175.849235928912;
107.072984172527, 175.958174696926;
107.125982340339, 175.770522356657;
107.138738838344, 175.736943281741;
107.399991640576, 175.670479204275;
107.564748653007, 175.527154816567;
107.698601948293, 175.481242060181;
107.700013204496, 175.405472090717;
107.639670841272, 175.374975435539;
107.631356819897, 175.44734292073;
107.679624722412, 175.377364725459;
107.595625775488, 175.360184077376;
107.573354656919, 175.331022197432;
107.531311201502, 175.209371279029;
107.497875869066, 174.970694818637;
107.263647689967, 175.100564785383;
106.553864102396, 176.069450931105;
105.887645943248, 176.664950667888;
105.661672633394, 176.780366736824;
105.630353819253, 176.067755030871;
105.719289035766, 175.221062689009;
104.733086421274, 176.141851452857;
104.587891091896, 175.811342756894;
104.307914107277, 175.996109393763;
104.620526995727, 176.077026321665;
104.62929733626, 176.530753982029;
104.594663663681, 176.555382924462;
104.050544652293, 175.98845207419;
103.817816830728, 175.423555851177;
103.25936123856, 175.408970489019;
103.264406450844, 175.520464519932;
103.702950056419, 175.447963528534;
104.241458987033, 175.933593035362;
103.984668746994, 175.731467135798;
104.186875988511, 174.902213815911;
104.28172798623, 173.641939871805;
103.965909478073, 173.209586470931;
103.925608159573, 173.181709618902;
103.95567773245, 173.15285740089;
103.785479869712, 173.168618649361;
103.76055545135, 173.312692769488;
104.004760748942, 172.780836601386;
104.273418171713, 172.631102356406;
104.620460268901, 172.363462366646;
105.228669669671, 171.895792571852;
105.282050931242, 172.178118737483;
105.45255859422, 172.805100387551;
105.599251641686, 172.623571226444;
105.9506492913, 171.521105504418;
106.148516819119, 171.798135654214;
106.10197845096, 171.856480107423;
106.151102351352, 171.351008238109;
106.262743493139, 171.840469437239;
106.297339436847, 172.044490113956;
106.191368345256, 171.931407302181;
106.504747415351, 171.953894364644;
106.563513943749, 172.090465099767;
106.670275801118, 171.834386592251;
106.86605535009, 171.882479798482;
107.01123142754, 171.55472297554;
107.108426529676, 170.206757592566;
107.136108467979, 170.182197878871;
107.224142234665, 170.32070678237;
107.033139808291, 170.726412043627;
107.026608637944, 170.613752111072;
107.074036360599, 170.750974238774;
107.023829197639, 171.10766592951;
107.190587755403, 171.196086709388;
107.226209506775, 171.020526836768;
107.233947653738, 170.64521790648;
107.261844201285, 170.500173645423;
107.403195658717, 171.492571193929;
108.35621817086, 172.253137027389;
110.637805927121, 171.065307934964;
111.94692338679, 171.103674120278;
113.409155341309, 169.744381973524;
113.046798237019, 170.23088997017;
112.784562368683, 170.4299282645;
112.184201513062, 171.172180717068;
112.330275079455, 170.504382705308;
112.115617435725, 170.200392184825;
111.622514848988, 170.484631195257;
111.258999572828, 171.002966733151;
110.79132886347, 170.894397623145;
110.779306265603, 170.387101063076;
110.70915278295, 170.654691963164;
110.67654647274, 170.634957588143;
111.085477564176, 170.19087501581;
110.784048921813, 170.200180203075;
111.169731066467, 170.354667204085;
111.383941446912, 170.190651588111;
111.576533091464, 170.344704702592;
111.453352916054, 170.668225603535;
111.506281867737, 169.692652920409;
111.061533715627, 170.136997428805;
111.127544378783, 170.076130489442;
111.061062087559, 170.533513229918;
110.898567614251, 170.416584247167;
110.647634096402, 170.250634544799;
110.457862947698, 170.383370489045;
110.236550175274, 170.7771933994;
110.216411597094, 170.83455299166;
110.193578299316, 170.798025411752;
110.316155961813, 170.713968192805;
111.620501007885, 172.242902934512;
113.429269295034, 172.541757046174;
114.706177058724, 169.715431523017;
114.357000890992, 168.653136854048;
113.592108979284, 169.271221516825;
112.862282308107, 169.681996162958;
111.945464323376, 170.993699096372;
111.344392197712, 171.125595150438;
108.597970282411, 175.913457377727;
107.852288221903, 177.977767704661;
108.102257655972, 178.124916014328;
108.058763281291, 179.038877903998;
107.925767732202, 177.677019531885;
108.20352069377, 176.297789331276;
108.680474504116, 176.495649275568;
108.797206168371, 175.996670460583;
109.07911851553, 175.898523797154;
109.202309936167, 176.266512988797;
109.248470486137, 176.386871846646;
109.383212151276, 176.728402673195;
109.562147123492, 177.433380864769;
110.329494951548, 176.209325237409;
110.266724932604, 175.272453797833;
109.802186980521, 175.123172536829;
