155.287441542833, 151.172946783252;
155.397506469095, 151.077154987582;
155.264733597948, 150.494688623159;
155.293425779417, 150.706959472516;
155.2385133886, 150.974161898459;
155.178432574248, 151.456151916603;
154.479484806694, 151.654085303138;
154.625140715018, 151.809879565699;
153.926582721811, 151.079313437418;
154.211755890707, 151.386548617435;
154.629747421653, 151.624337096196;
151.497946926526, 148.312324785282;
149.781467264149, 144.661867831409;
148.250077236124, 142.917028225687;
147.503991737078, 140.565078959108;
146.149797422064, 138.269570898235;
145.868503393473, 137.430627477646;
145.481307340327, 136.634166875535;
143.966282006001, 135.87315270308;
144.371720210074, 135.839690645694;
144.065812450903, 135.767378787931;
143.782647703209, 135.565134253589;
145.069122342605, 136.484750017505;
146.538213501241, 138.41056101597;
147.731014105293, 140.038006752233;
153.386313741075, 147.184317801128;
154.838467176244, 148.058970670742;
156.091792700813, 152.901409521763;
152.877375505417, 151.337192262123;
153.038979061218, 152.927538353146;
153.080944301702, 154.138298492407;
152.762191241341, 154.264919442988;
152.817947510343, 154.687106021858;
152.808726940138, 155.132343037925;
152.807192557888, 155.475551976568;
152.431196167887, 156.04234514944;
151.484947351132, 155.576369023018;
149.169346344463, 153.498051359963;
148.391577998101, 153.358131902767;
147.955068760261, 153.061456953888;
147.820103582163, 152.214697638372;
152.07637482196, 158.248549374542;
147.489864945165, 151.391477621692;
152.065628174444, 157.167716064002;
152.701627501445, 156.314237400834;
152.718091744858, 157.042301339152;
152.926626023024, 156.601900846084;
146.658335377232, 150.863353668371;
153.148667068588, 155.877620191724;
146.948518668799, 150.972438765581;
146.619118636025, 150.091343880313;
147.519621660488, 150.986285133802;
147.910921862203, 152.015181356671;
148.156020456762, 151.962961339185;
148.065164912952, 152.040770423183;
147.867140519673, 151.703472471853;
154.064398947317, 156.094301144975;
153.671440111881, 155.67147483794;
152.185792946372, 155.397645165715;
150.538297532087, 155.223740358403;
150.474299459829, 155.722939775397;
147.641317349604, 150.916788154174;
149.313645130988, 154.600973395866;
149.372553049105, 154.888949501639;
147.998898731674, 152.341726673754;
148.86959591271, 154.006894166514;
147.599279977891, 152.293532943459;
146.16037853578, 149.050168178903;
144.860306971987, 143.304418825992;
144.145952813472, 139.732648289116;
143.82735107384, 136.70829913595;
143.387903185013, 134.868750533124;
143.247991198026, 134.26511952613;
143.48249171939, 134.660783104005;
146.324352396572, 140.244822715074;
148.135889343643, 146.932965070401;
149.338528854141, 152.897581310996;
149.510666050198, 155.818453166539;
151.095467578086, 161.940011729307;
151.081536215374, 163.833504284236;
150.377903129906, 164.066932996436;
149.848423557146, 164.960266663988;
148.308054791154, 164.062588903588;
147.833874860055, 164.233962979193;
147.792852940201, 164.549508484419;
147.885079546648, 162.843934800654;
148.910757639108, 162.083970342017;
150.105365937424, 160.818176402228;
151.804101334686, 161.101510706507;
150.425921625136, 157.019791519669;
155.74037683405, 164.141648474107;
156.953893366339, 163.258962206907;
151.644945903162, 155.825225611034;
151.952707617993, 156.195295395614;
151.203824934129, 154.584572261787;
150.919485647301, 154.112955453174;
151.051601426806, 154.494381429088;
156.039024502167, 157.862448500586;
150.151421851074, 153.223986691068;
150.413993429371, 153.783547013335;
150.554036341516, 153.771465279932;
150.84726521128, 154.072181229462;
156.086154519375, 159.500064856288;
150.382506625638, 154.64831148151;
152.125997188719, 156.958150307476;
150.517564955998, 157.514053368654;
149.430840017546, 156.237588837996;
150.353560024321, 158.153038799443;
149.069523635102, 155.966538836895;
150.304571569333, 157.225501614425;
150.95219149076, 155.939056443157;
150.357153381965, 155.135531775375;
149.789450940597, 154.268601444121;
149.779935318915, 153.411999499451;
149.963913506653, 153.284867384944;
156.258253584177, 160.574126646224;
150.886213007565, 154.852066035255;
150.685549223018, 154.301837150323;
150.526058575128, 153.972959092821;
150.322831294249, 154.122809096391;
150.276092644086, 154.945630974868;
149.914028259207, 154.801971634985;
151.218392688007, 155.866719714585;
150.656528799048, 156.057097007915;
149.95129571376, 156.201330618698;
150.663774806035, 158.595813204706;
150.255650326111, 158.722125265417;
150.139879312303, 159.966588128244;
149.220487300074, 160.400839079605;
148.802086170669, 160.683627768733;
148.819329937274, 160.64729897399;
148.563005787064, 158.89041233742;
149.854824923254, 160.273221171771;
149.373470421318, 158.300183343954;
149.062480892088, 157.294720997718;
149.641380901781, 157.75614347621;
150.678133016228, 158.885716457912;
151.056681994857, 158.90990528904;
151.109828477701, 157.302679884916;
151.202553311165, 157.090999320269;
150.210592441558, 154.868702051196;
148.97650090137, 153.967234194311;
148.632767750792, 153.647803347751;
148.328760144844, 153.257403719772;
149.086046332827, 153.918172788394;
149.295692465417, 153.759060827893;
149.327992914026, 153.367544319272;
148.280148345629, 150.398164306427;
147.342205117149, 146.100422585747;
146.90400959841, 144.24945501897;
146.955551976957, 143.7082509706;
147.876587195819, 144.513064790727;
150.307970157915, 149.012277859478;
148.117219063042, 151.235242574555;
150.849873189732, 155.768692139071;
149.698165802234, 157.753415579904;
150.575525886063, 159.380442645067;
150.911235989062, 160.473464043645;
150.816347069704, 160.497846816948;
149.862847422641, 158.449893097612;
150.175374762861, 159.965040469586;
150.07658400042, 161.488575042339;
149.43049358815, 162.14573593197;
149.099594419162, 162.023387748066;
148.976717745427, 161.879850889393;
148.504098580736, 160.768718721906;
148.783527124333, 160.898698627669;
149.178619096902, 160.767710512797;
149.397153508805, 159.967827827842;
148.623749967686, 157.666474558855;
150.13751859183, 160.034509662313;
149.730575240908, 158.883683174515;
149.734423452093, 158.91504490578;
149.618516992796, 158.805867295214;
148.061429452368, 155.698420969094;
148.190101330334, 156.47053014959;
148.532290009926, 157.971661204595;
148.586577917134, 159.768378857133;
148.370773726445, 160.96589294339;
148.053188479187, 159.568085016798;
147.770565408391, 160.99353410365;
146.796458747681, 159.452420950436;
146.720242535932, 159.493242956536;
147.220353220562, 160.385784156011;
147.665714837854, 160.443919379097;
148.438491776061, 159.991168029242;
148.967374533816, 159.929578038309;
149.032366125703, 159.435833703237;
148.965382931087, 159.086448775745;
147.358384871222, 154.995758486515;
147.879913227687, 155.964576741626;
148.170487361325, 156.057876528121;
146.745447369667, 153.855162320858;
146.012393071569, 153.150261887153;
150.544102608947, 156.795329977024;
145.007364378635, 149.047385723661;
149.006194990644, 154.211483466878;
146.052549075434, 152.911295648568;
146.549045134101, 154.845318508894;
146.289308343606, 154.54748343139;
155.485902747634, 152.347117469586;
155.452986926512, 152.910740719894;
155.398146512655, 153.282046997219;
155.407401580298, 152.675329477815;
155.413402130153, 152.557689103789;
155.335205994195, 154.327428663245;
155.279472209008, 153.165469272651;
154.544570124564, 151.931208088945;
155.001511033529, 153.226760054751;
155.12506604453, 153.4205459457;
155.20792969632, 154.278736260504;
154.380764088227, 152.567052670194;
154.600274492562, 152.702259038378;
155.200170142987, 152.474581663421;
155.303748873286, 153.075818209985;
155.660414468325, 150.464354137582;
157.375588255215, 151.363636791157;
157.555464930585, 150.750382594146;
150.769749642654, 142.442216604833;
151.703133084296, 143.541525492967;
152.602909335104, 144.811472028348;
159.880398305143, 150.595246834009;
159.957981962037, 150.65234200513;
159.766958193176, 150.118908510852;
159.369314939154, 149.726857561329;
159.252195004114, 150.461796935272;
158.144640459883, 152.321976795372;
155.424026847832, 150.912924479355;
154.260905483414, 151.663361097607;
153.810728879553, 152.781609403899;
153.375331136166, 155.213734361943;
152.963798145197, 153.935850203863;
152.761947726128, 154.634465513133;
152.848967735053, 155.161209329132;
152.496017583588, 153.692699446483;
149.845595059064, 147.354101672458;
147.608209423472, 141.981875343116;
149.464805570613, 137.418124667313;
150.562404467549, 132.598138438309;
149.88601467644, 129.929362651518;
148.251426051596, 127.562151476752;
148.31014794532, 131.596063425853;
148.498675246672, 130.824031324898;
149.146028364094, 128.363571724451;
149.217421213225, 126.003420732655;
149.317476757386, 124.277096897862;
149.820422146453, 121.994372709705;
149.67012967597, 121.120986100302;
149.506534816931, 120.066299010877;
150.67071160306, 117.88741312861;
150.708825353304, 118.061679573639;
151.30266368875, 117.954790334518;
151.33232713112, 118.322889579686;
151.438822870926, 118.815419081862;
153.273840595764, 126.713478167627;
153.860916889773, 134.753801004256;
153.717270600225, 141.576593457726;
153.596405718965, 141.884309655873;
153.152342084128, 146.338793656742;
152.883438626647, 150.569006385724;
153.329401965894, 155.339809656273;
152.723615689298, 157.733029008261;
155.096528694109, 163.030558494667;
153.651317901895, 161.750304676504;
153.511926573234, 161.443982550893;
153.464183739075, 161.465986365379;
153.571838337656, 162.067541997414;
153.708003446207, 162.363745348811;
154.269071450832, 163.618251395668;
160.561958440081, 171.811015497538;
160.723190341782, 171.222333935915;
161.491721934782, 171.052597275562;
162.394831398644, 170.978452035316;
162.729315783475, 169.926801063073;
163.469596173279, 170.382850015553;
163.683590611944, 169.747293806269;
163.420656912297, 168.360905428188;
163.287494328309, 168.499603551674;
163.207504154601, 168.074782220279;
163.919014688444, 170.499065741786;
162.82990599145, 168.557812884667;
163.261789398371, 169.073828816842;
163.601373478715, 170.74692351953;
162.16294472449, 169.782484299029;
162.02626565884, 168.939415050032;
162.859420103474, 170.957900870319;
163.276049224675, 171.238908830629;
163.141413276254, 171.334404302768;
163.023429806511, 171.376766995845;
162.699571297005, 169.739309211815;
162.318856674666, 169.22078828927;
162.439633657186, 169.802037861988;
162.553494928274, 168.767008477645;
162.626666726722, 169.638771194184;
162.506213628191, 170.815264500798;
161.864197697175, 171.384409611791;
160.783709046364, 170.489570652387;
159.733432667274, 171.179578405734;
159.141400592334, 171.462194281919;
158.580944650599, 171.200042646637;
154.003184322081, 163.878899638151;
153.229453197008, 164.558982169407;
152.961839664522, 164.192803587328;
152.124896718076, 163.25577324534;
151.503652961483, 160.462107209674;
150.994683306158, 155.690108558491;
150.576892661057, 150.10459744613;
150.455080171735, 146.460786963756;
150.472466587558, 143.680441030358;
150.645157087355, 141.001728110847;
150.670933920182, 143.296974012415;
150.610278915265, 141.566980973576;
150.718817755855, 140.42280713257;
150.230155193352, 140.477872237651;
149.834374432778, 140.00722382948;
150.164390338075, 141.711675766086;
149.559161806342, 142.631360796947;
149.434018524652, 143.534109845213;
149.097914948259, 144.156904617826;
148.679538686018, 143.679466867723;
148.771916091999, 144.247028312609;
149.065783540327, 141.743075843121;
148.823990928694, 140.946033643458;
150.141708900603, 143.058191479137;
149.704195843008, 142.939850157422;
149.221800002554, 142.869721608678;
148.617257112365, 142.173811545496;
147.579257833509, 140.905449950135;
146.481422708606, 140.41415047305;
144.739650808388, 143.273938551521;
143.992749233763, 142.350923801891;
143.523824434773, 141.876320719009;
143.565495127783, 140.93985104488;
144.739693773257, 142.520872461512;
145.967523769288, 139.374541967901;
149.258283100337, 145.208224261424;
151.226045286454, 147.669643849575;
152.773306464482, 150.81677790422;
154.062509163669, 153.658857157862;
154.237326118428, 155.574140204543;
153.344212509502, 158.913621884092;
150.342604299626, 155.650416581658;
150.848014550526, 156.770635382717;
150.401946594237, 156.469623001169;
151.010637549016, 157.1884565932;
150.828269949657, 157.241951925518;
150.434851921812, 156.763075493189;
150.256456176553, 156.611974479841;
150.156727571695, 156.246597993272;
149.106670726731, 154.522042618962;
147.659862682609, 153.319208986166;
147.025668293466, 152.498054686334;
150.954196616943, 157.624782845507;
151.187073652324, 157.200608475174;
145.190176801079, 150.720927228923;
145.445806192249, 151.116265014037;
150.605024893809, 156.805653131706;
150.41110012675, 156.799610778363;
150.344478828708, 157.176269449353;
151.518017070196, 158.465819087641;
151.565682418029, 157.614569980341;
149.586522742686, 152.750695648167;
149.756993926486, 153.463806956773;
149.97758813729, 153.785852454582;
149.86030935338, 153.52828350087;
149.754291392439, 153.587260740197;
149.619211173017, 154.41827036866;
149.960051511743, 155.643379927208;
150.041712558715, 156.023951704058;
149.86874089467, 155.65137283723;
149.215215578253, 155.041544606623;
148.497552132987, 154.893172729009;
148.302105747079, 154.632717145317;
146.25727698615, 150.518726586723;
144.706287007953, 148.565925085055;
144.086935077851, 147.787728457181;
143.553529424673, 148.299606182426;
149.371355106094, 155.176977098181;
143.957791989228, 148.284612349487;
149.578966947752, 155.69437581574;
149.311337787929, 155.415433734483;
148.899835544953, 155.256001822645;
148.870813207602, 155.784490996805;
143.693780617872, 147.730449818744;
146.959984000783, 152.12074326375;
146.193795806696, 152.783576486636;
146.234108026225, 152.931781339185;
146.299844627724, 151.835627718173;
145.677061381463, 148.691959955318;
145.708913069572, 146.308567302948;
146.20859986983, 146.595360654091;
146.40833913005, 146.734943980586;
146.533952746576, 146.862202768737;
146.626546284855, 147.515360260212;
146.59953014795, 149.072360512191;
146.611733515731, 151.20161577332;
146.651806469152, 153.058723246145;
146.808040950519, 153.843755985557;
147.265511066659, 154.668081500329;
147.590521530059, 154.574030382757;
155.893810534233, 151.985022537034;
155.464335505642, 151.580678598428;
154.817087249875, 151.104076879609;
154.794151808848, 151.770787576792;
154.972413492222, 151.958774551584;
155.048292741014, 151.95865314119;
154.921513594958, 151.741084059896;
154.809218718506, 151.770654392951;
154.767030754208, 151.806346138522;
154.753555366543, 151.575793812496;
154.967368836898, 151.610592066146;
155.083139376549, 151.701482493366;
154.524150603215, 150.982008778429;
154.038981746044, 150.82564634009;
153.687569203278, 149.500486916753;
153.161834612513, 152.378804506576;
153.259817091658, 152.301110170247;
149.926182020427, 144.369914990229;
150.707234524385, 144.992591404093;
153.50305750838, 147.813425018765;
153.997876392019, 148.352851260439;
153.864611833026, 148.231351595376;
153.531096898887, 149.028427754302;
151.321437074495, 147.845891543732;
150.713829916695, 146.765775867007;
151.288485083964, 147.626760346273;
151.149520822466, 148.303997214065;
150.897955673923, 148.101960025257;
152.205072328322, 149.11826274915;
151.230259543772, 147.940093234059;
150.727448951734, 147.585751014643;
149.968619442281, 147.2364760666;
149.288430573859, 146.579840383738;
152.068418358786, 148.639762844841;
152.452371069772, 148.37318302272;
151.402789221404, 150.570200694437;
151.416745502411, 150.991838639651;
151.07452594063, 150.808417448285;
150.864518227145, 150.687223774609;
150.815822984678, 150.751976669768;
150.591861957811, 149.925177224318;
150.501510341986, 149.344288302247;
151.214416158023, 146.947657604214;
152.620792797964, 143.169125009577;
153.574391975938, 142.567839194366;
153.87447001769, 142.202073564293;
153.952085786286, 143.289665988796;
153.990678207836, 142.814143418403;
154.149647931546, 143.36356401238;
154.682594504785, 143.125439683971;
154.452032999278, 144.857510795048;
154.243837878789, 148.558928175251;
154.109236652932, 152.052507654934;
153.524471900437, 152.737493610489;
153.291988883567, 154.876056283965;
153.103736012453, 152.569974730369;
153.030231101391, 152.197926267781;
153.263002318177, 153.127232090384;
152.939177092521, 152.896513380202;
152.100287245477, 152.734586872757;
151.594588342536, 152.023588171864;
151.298655642955, 151.359428487429;
151.224422502631, 152.042469657163;
150.653293111517, 151.214895331397;
150.185869270215, 150.806250359614;
150.285390339927, 151.232162329765;
150.419309129505, 151.633540455354;
150.934969806079, 151.954390540653;
151.520288017352, 154.443433974485;
152.116379886694, 156.478631656404;
152.215110860488, 157.197371990243;
152.058237042345, 156.770126514067;
151.930353975865, 155.953383520259;
151.354149230011, 154.679747667173;
149.703240349806, 151.745463442896;
151.325706300501, 148.77875226644;
150.602133006637, 143.188046575623;
150.676320063651, 140.745991549724;
151.063766880285, 141.412646909264;
151.181729935045, 141.067501107421;
151.3264200808, 140.811479997849;
151.947613930987, 141.17890273176;
152.514098647653, 140.841868308108;
152.712390934955, 139.248209839492;
152.726996825199, 139.156628745534;
152.8869406113, 140.561404255986;
152.84762781737, 139.749904009954;
152.827391853382, 139.988700440107;
152.606478498332, 142.035075314049;
152.205143796646, 144.98009740087;
151.394014405185, 144.965048163129;
150.818544830322, 146.479677296494;
149.934921889994, 146.111954947213;
149.500844039562, 145.549908145358;
149.35959788907, 146.361112794534;
149.328784775724, 146.93130168315;
149.902492382737, 148.985266048406;
151.048861469977, 152.647466684806;
151.28217982953, 153.262613469236;
150.612680837106, 151.87895176752;
159.063515579469, 160.860105700028;
153.341461263987, 154.799089639873;
156.600662302584, 159.373605920934;
157.095475491175, 160.318071007965;
157.286571931305, 161.2420882229;
157.028327290755, 161.413393096498;
156.862968615886, 161.293507863995;
162.738437510112, 168.289072455485;
155.559889404677, 159.664702603743;
154.26213952919, 157.263002789044;
153.694732481526, 157.373444377936;
153.169189135039, 157.737468616306;
152.760984121601, 157.608366292588;
152.342683888777, 157.460263633981;
149.304402403795, 151.958421273231;
149.488534823245, 152.392709980266;
147.61498742841, 149.177859278417;
147.828406656316, 148.097243960495;
148.029886725456, 147.74668045663;
147.875412529349, 145.684313624112;
147.484139288344, 145.490375975587;
147.032883526294, 143.905094182866;
145.168977429653, 140.144039562536;
145.514318218996, 140.650700664877;
144.942177950782, 139.257251578526;
145.110982355715, 139.412628547519;
145.269381756749, 139.482713690827;
145.303908730131, 139.33575234207;
146.208255766352, 140.322102821203;
148.05342286493, 143.752267130944;
150.425558745935, 147.799225475075;
150.997972634634, 148.701840739389;
151.066177762231, 147.503834302028;
151.169940735184, 142.436412660953;
151.957214861597, 140.198060738081;
152.509969694838, 137.579076460835;
152.561963475652, 137.539668038645;
152.247451870305, 136.718387402521;
151.843474640814, 135.973086474202;
151.171086127837, 134.911333813076;
150.995548328098, 133.841693736807;
150.905520203441, 130.666848384324;
151.584544298367, 129.178245695052;
152.275074741867, 129.038248670177;
152.595654446997, 129.001715801825;
152.434997199814, 128.865048577178;
152.432090476246, 129.451632439134;
151.894523879786, 133.716609939425;
151.713953027589, 144.244557866609;
151.325899863228, 144.984812873601;
151.080220227354, 145.119163011631;
151.078017087384, 145.523814805704;
150.941149403515, 146.868507949605;
150.01450540498, 145.582007479192;
149.537753936936, 146.519179513108;
149.611049623678, 149.010341914492;
149.632689064084, 151.74043605067;
149.685312762091, 153.040391358639;
149.582891861012, 153.83679113875;
149.697540147483, 156.42256431987;
149.708654090445, 158.501368387831;
149.040242828898, 158.42245397577;
148.385492848948, 157.810455788023;
148.250720750852, 157.711865113833;
148.309541858866, 157.506418192357;
148.339189927946, 157.062817838466;
147.183547185909, 155.604901773877;
147.812064824424, 156.548493058792;
148.456827314744, 158.007227191386;
149.676888495296, 160.13511374882;
148.957359040613, 160.303388234521;
148.726276587282, 160.47859953746;
148.586952604774, 160.164935192913;
148.233812387204, 159.652275463827;
147.352841225304, 158.103298602143;
147.182568562455, 157.304758431764;
146.294871012588, 157.371072797282;
145.067264960764, 156.772202618725;
144.155502513571, 155.096041611373;
143.13874264809, 152.331381821387;
142.586887692924, 148.21613284733;
141.301116970388, 141.082933923611;
141.408863011307, 138.397703974034;
140.647745167883, 135.912816516098;
142.27599640586, 139.032054356371;
142.768874780977, 139.013179011116;
144.236726891229, 139.689114811034;
147.657853686925, 144.175615260141;
150.372100416691, 146.3217634656;
151.467707062594, 151.515019308115;
150.704628398566, 152.867082190619;
150.177462077834, 153.44639236632;
149.836492484784, 153.337597205738;
150.283944883804, 153.257088019701;
150.012946243817, 152.748952325621;
149.36390724179, 151.23402091269;
154.938543037107, 155.327766254762;
154.057166165755, 155.410666043074;
153.825538318731, 153.195452139673;
153.222669098704, 152.282067388066;
