162.537260222194, 161.668979337465;
162.987141718677, 162.164378546582;
162.133770785344, 161.116319570743;
162.134480298559, 161.17886813554;
162.570102383528, 161.542562026302;
163.071612573851, 160.247172287906;
162.790062008852, 160.030581088835;
168.954730257414, 167.859050796253;
169.112368970475, 168.341867591827;
169.216872606609, 168.779573509887;
161.942726744321, 159.032739068904;
161.50405528262, 158.964462617039;
161.770028785305, 159.306872741972;
163.185914041705, 163.751016079156;
165.446649791907, 167.495112713579;
157.707630170269, 157.698000068036;
157.293539482111, 157.281941011526;
157.433450318917, 157.153892543994;
157.833875749428, 157.386018756208;
158.00403596359, 157.520014306335;
162.746478181808, 162.831241277957;
165.375733093169, 168.51603605844;
165.963476236375, 168.396895291082;
166.635297893623, 170.135255882447;
165.076823512553, 169.838792216106;
165.090827348155, 170.125381550447;
160.112748915783, 163.041306449386;
159.657298805749, 163.312001960686;
162.527476741295, 166.402939434059;
158.168282446086, 161.277787983893;
159.831684172146, 162.585609849285;
162.941171344274, 165.799669280593;
159.017279010267, 160.017615320492;
165.771960469215, 168.42621295211;
159.439463174761, 160.114135373722;
156.576161381958, 157.302064604333;
157.710153993999, 156.927392770647;
155.242022785472, 154.720814969226;
155.96067470828, 157.202493635295;
157.437339963143, 158.805521014755;
156.578678783621, 158.320746579861;
161.791993617922, 165.05769800402;
161.592361930206, 165.041485120519;
162.778262826884, 166.377536947214;
161.026166296952, 166.393939033226;
160.127019433585, 166.707439793769;
161.149092615675, 171.340617243322;
154.535685463976, 166.403983935399;
156.591143782635, 169.23986432597;
155.828067480449, 173.345465869419;
155.426957156671, 169.828894968387;
154.915885440035, 166.363099115358;
155.830406603549, 160.78483107075;
156.274691140072, 158.973846567001;
157.004379802252, 158.522370677801;
157.688228097459, 155.660540730424;
166.516374152427, 167.666390365843;
168.65238515032, 165.809625814842;
169.99362499014, 166.662246216907;
169.662583829296, 165.310940558913;
170.278221090811, 166.27772306887;
163.286516403321, 160.205761780786;
167.027566471425, 161.949648184085;
165.197007176094, 161.22828961041;
167.448296069381, 163.58873970338;
168.815347219439, 165.743836215739;
161.846441979115, 161.140609070624;
162.233055332077, 161.205154679013;
167.259056504063, 168.117728048809;
167.801566939222, 167.073884776409;
167.583566980625, 166.763621995516;
167.348694100912, 167.687347855924;
166.860139380012, 166.867712456457;
165.818549046186, 166.274305602746;
158.565711218227, 156.120231344428;
156.454050755098, 154.553784545081;
157.161067599393, 156.030630685462;
156.959953170568, 155.505325120081;
157.263729558077, 156.89624181163;
157.728100698546, 155.839922202355;
157.87667740262, 158.25132852386;
154.526933928757, 154.574287533825;
153.804672125999, 152.80373895371;
154.636206642893, 153.869647950736;
157.390760912359, 158.770927983966;
155.349334316185, 156.769008102398;
156.927131119246, 159.037158048024;
157.063590816284, 159.53082800672;
157.175132280272, 160.847904013601;
156.759872324967, 161.155622773149;
156.591160920778, 163.881022305425;
156.608289625175, 164.351891894142;
156.609866011395, 162.407005712564;
157.106524392473, 161.944097473155;
156.799820818189, 160.168181827192;
157.36867793153, 157.787828437323;
158.774908043873, 160.567267105681;
158.967597014502, 161.002771278155;
158.525788727959, 160.140779267562;
159.626318356373, 158.659466212131;
160.009737813398, 157.448169598446;
166.493503352304, 165.295183527387;
168.746439139481, 165.07441454698;
165.587109249451, 161.994231646726;
165.020990193353, 161.352714025024;
163.07250154111, 160.455908563716;
165.822046208173, 164.751562986915;
166.14432835163, 167.111522836452;
164.570768873043, 168.122448316907;
158.225857583509, 158.366137864386;
158.442037791867, 159.133477997783;
158.164376038837, 157.708646786966;
154.756357636055, 154.134284109171;
154.891034657134, 154.192406835682;
156.003588917779, 155.989748105779;
155.941108252079, 156.282180761198;
155.634196577652, 156.214489074778;
156.695703468331, 157.266370443114;
163.322456506791, 166.055524981323;
163.219433906122, 166.615508861072;
160.080427089038, 160.405585201796;
165.371247003688, 165.862280763852;
166.635789543879, 167.462013993897;
166.401603265472, 164.540514165214;
167.308741548661, 165.128647598612;
154.361903231869, 149.505511604557;
158.205759440788, 151.412520293778;
157.227726817194, 150.822890242946;
157.01802492897, 150.594565858123;
156.865038054129, 153.560266289818;
156.832302264646, 152.628193025899;
156.683881606527, 152.507863807464;
154.612234877197, 152.193519883279;
155.088045719497, 152.669706147273;
156.21329822684, 154.33740637404;
157.450263736583, 155.246703113976;
162.094354178577, 160.255668638149;
160.631085404912, 158.329024616677;
163.366439238983, 160.986551257072;
166.885583096122, 168.145234247014;
163.932921166434, 164.586258338374;
166.692315556622, 167.862828077649;
166.925722425876, 169.452879151442;
166.97994137305, 168.711516429803;
163.439481154417, 163.56021276151;
161.614547960747, 162.81803578807;
165.215016038593, 166.52164335802;
164.853205551794, 165.981949749909;
161.886510304527, 161.355744135394;
158.55053555963, 157.660299770999;
158.65944576306, 157.980410219543;
157.729251873679, 156.720813189505;
164.511709859297, 166.351857972583;
157.647947831102, 154.432100506;
157.047949084385, 153.68683007447;
157.230671992322, 155.80282441361;
156.874251378778, 155.295970427632;
155.56423259091, 153.646214102262;
154.53599417564, 152.654872457958;
156.422300657248, 155.75971344354;
154.86833594397, 153.714690552929;
156.622579515137, 156.306788099782;
154.479458365586, 152.961575070602;
155.315224976415, 154.254603535165;
156.710544039578, 155.711107235956;
157.818462728358, 157.370492810861;
159.138391241371, 159.663167707825;
163.568999340214, 164.528234183843;
163.263325017621, 164.147912074009;
161.72998946348, 162.219442245961;
158.679499701118, 160.657260465862;
162.329860644016, 163.731145411625;
165.333994961619, 169.432382661587;
165.511543917797, 169.595514613648;
165.725798347798, 168.913100527181;
165.803857479736, 168.935109040478;
165.878366667233, 168.887564299434;
165.942838626407, 168.884604649737;
165.945400677508, 169.5469022184;
165.959026141982, 168.641334903782;
165.951456220337, 168.707848732199;
165.856083159969, 169.51736255847;
165.753777589453, 168.910270512515;
165.433654185065, 168.585037826262;
165.234745248505, 168.974090808767;
165.045818430557, 168.095717613282;
164.831779921316, 168.261787083326;
165.018297847108, 167.440039065853;
165.405520475786, 168.190618049377;
165.597675552325, 168.373706177829;
165.645201964145, 168.153512565134;
156.489460327814, 157.165890456795;
156.41822453589, 157.974636801142;
156.154243840142, 157.862834195207;
155.826388416076, 158.12458717521;
156.125622500078, 158.879856700244;
156.248914869298, 159.335376452822;
156.297528817184, 158.731763470714;
155.874748971654, 159.397676993658;
155.912839183973, 159.30078804295;
166.350787702633, 165.196719566293;
166.241233769401, 164.08247089329;
166.484591720323, 165.558209101567;
166.967672142772, 164.131852126685;
167.112260526317, 167.141841617366;
168.556849081367, 162.820427508626;
170.277072598236, 165.965714823701;
166.179552863068, 159.23786653878;
171.444257785374, 164.084865474692;
171.726810648717, 163.557548363109;
171.661319053169, 163.975918013543;
166.95166092329, 157.91647016536;
170.000277746396, 159.626355247035;
170.589403366219, 160.348729266329;
167.95836017713, 159.147384502753;
171.068333953301, 161.11032814658;
171.040550970252, 161.307370631146;
170.761983991605, 161.312758815743;
170.880851454894, 162.787894313716;
168.473878095876, 160.263276711673;
169.227446208757, 161.20604585202;
169.433908197273, 161.332767656729;
172.011117490433, 162.967277178057;
172.285387703348, 163.93908970757;
172.181212086923, 164.984504951317;
170.001327537951, 162.399288643605;
170.117016345093, 162.840844769795;
169.67937507871, 163.300305405666;
168.75901193497, 163.392040195111;
168.650978270143, 164.531401393204;
163.637187187964, 161.593551881859;
165.658893914258, 164.200341452448;
162.480814874019, 160.281715500594;
166.147885378377, 164.200248381359;
166.042659104518, 164.232470785057;
165.237484694852, 163.310668838492;
161.009961087034, 158.907259551177;
164.601504862814, 162.22697056915;
160.539760556933, 158.88649181963;
160.464581906463, 159.303282910377;
165.434689326457, 168.877381886736;
163.324033579492, 165.584036742023;
166.048944867891, 169.965343127982;
166.993465325357, 172.185700877811;
165.590653354193, 171.140900556093;
165.974399962704, 172.45791657512;
166.69178553192, 174.41212281955;
165.938430843219, 173.606170191876;
167.002512240605, 175.593243613133;
166.788068060522, 174.847618579601;
166.048495883174, 173.106202381912;
165.57032109053, 172.340530644281;
165.480262781296, 172.213566193423;
165.019908494147, 170.947157878323;
161.780870573639, 164.238581262898;
159.109034551341, 160.285633642172;
158.863507994852, 160.197821544026;
159.371804368078, 160.102704010749;
158.825733142045, 158.873326258404;
159.506445201863, 158.764446612453;
160.061164782648, 158.766748104935;
160.08596157267, 158.018844931575;
160.329702226522, 158.389300020089;
160.168731840517, 158.610872229973;
163.526130742804, 163.394102756871;
162.418979041059, 162.289519647439;
158.861555171318, 157.959784668779;
157.964066666307, 158.322738293193;
156.454361190554, 158.515769882646;
155.368435272995, 158.433720216711;
154.342421959731, 158.542197537218;
152.598402734233, 157.610473646712;
150.563213765265, 156.158363744034;
149.623780837791, 156.180968351241;
149.64119551735, 156.219615800095;
149.011215946816, 156.322086293647;
148.940920779254, 155.904439460029;
148.32866533252, 154.868641139998;
148.372084757195, 154.955898853289;
148.741308963427, 155.393181955674;
148.775462112566, 155.391330239742;
148.615596534336, 154.944079695785;
149.333264633164, 155.560795166928;
149.650422815305, 155.719956479617;
150.274098729822, 156.385368045556;
150.215308110298, 156.523927435812;
150.608966939174, 156.994446359378;
151.566368837672, 157.96336347747;
152.030857770839, 157.044480002738;
154.072367628553, 156.923582069404;
154.891574472223, 156.580042390559;
155.161054701289, 155.259151514028;
155.9214061043, 151.998493893637;
162.334920399559, 158.135748208321;
164.47447548269, 156.179957828991;
167.462864833539, 154.149400071211;
169.224758447172, 153.437473577894;
165.865198381483, 150.076168738458;
166.154466402615, 149.358081550795;
160.155527633402, 141.4822662296;
157.598281051469, 142.307157333322;
163.246042976209, 150.210981022828;
162.504944327224, 151.14967603835;
162.708127853988, 151.494967386347;
164.856352857863, 152.071976215009;
162.942408774362, 152.644909584317;
161.943865623915, 151.058310714229;
162.831437115887, 151.660733545204;
167.765033800473, 156.609243986702;
167.602609909377, 154.225147326598;
165.461466363868, 155.908277503867;
165.775571557009, 156.941145441256;
164.964265927495, 157.166375283217;
164.650265468827, 157.040196145156;
162.705561405173, 155.255124912837;
162.278008258536, 155.342309928483;
161.213297463669, 154.993347136355;
160.969728172698, 157.428393635291;
159.847849741902, 159.455637557461;
159.134934702965, 158.586617825066;
158.061646606815, 160.312858298517;
157.23255860291, 161.393523486481;
155.235781818994, 158.755537571934;
152.713393020925, 156.426966841441;
153.109838040829, 156.323260267952;
151.905196831791, 154.458191684564;
151.442215768967, 154.615964735034;
152.55310967236, 156.646793928329;
152.250393864403, 156.203274086856;
152.062664046386, 156.064976362244;
152.968137109633, 157.167464459691;
152.157948874035, 155.747752724436;
152.727141749352, 156.676807107621;
151.493828212105, 154.780046282916;
152.117945327307, 157.446875353025;
152.388993993317, 157.854004481606;
151.528170353411, 156.242204085492;
151.732868618042, 157.178908072224;
151.555513937453, 157.064001492023;
151.702688224579, 157.108558753218;
151.805460419037, 157.273260301303;
151.777106145075, 156.957346298697;
150.107737837894, 154.327618131919;
151.187546067118, 156.062684724394;
152.165971907999, 157.132403398594;
152.768023305905, 157.634853665591;
153.557585521766, 158.208293605041;
154.485978573771, 158.719448434621;
155.504233491179, 157.145017825555;
154.979137072221, 156.637929181087;
153.421101314283, 153.781413021124;
152.797666360189, 151.767903036541;
152.279110845628, 150.814152440103;
151.911602902053, 149.567365074226;
151.129919922948, 149.218404492164;
150.153867238412, 150.227503776133;
150.138200280625, 150.933567884229;
150.039950553793, 150.837541204686;
150.365292755648, 151.628276701777;
150.447915769524, 153.473215549287;
150.504770513238, 153.112654415971;
152.127037258537, 157.168266331705;
153.502314277723, 156.841214307036;
154.758692050177, 157.702017159302;
154.858422090605, 157.752249845389;
155.706060102485, 158.69407910519;
156.417285924043, 160.931025188206;
157.004171232204, 162.381365630235;
156.84710730652, 163.392044871786;
152.871080397699, 157.390794726631;
152.580839378287, 157.788419923195;
154.912224683997, 163.349175044948;
154.946921135212, 163.805226476513;
155.074263911272, 164.46747837485;
155.245858070718, 164.352070043827;
155.20119376885, 164.819437382914;
154.839115846137, 164.67294856337;
154.716054128506, 164.778529798727;
154.641041468152, 165.230855427371;
154.440504944933, 164.316939734468;
153.60554617642, 159.954196378471;
153.381575768038, 159.7832362771;
153.075114678756, 159.398296659282;
152.767998568576, 159.575056292093;
151.794220120575, 159.090121902803;
150.547828931555, 157.927898606797;
148.460556991393, 154.974858251663;
149.11418393574, 155.269276252083;
150.796148602042, 157.268945285449;
155.062822343552, 161.468304239906;
157.660041490486, 164.490169996216;
156.077861234628, 159.854803558596;
157.335355828291, 159.743351249494;
160.630337177208, 163.293642850792;
160.958607368284, 162.141209129392;
163.358804595884, 165.158883731908;
163.059541094032, 164.736663964765;
164.199603767629, 164.601945108046;
163.674033789811, 164.395602323571;
163.952197052939, 164.173238180514;
162.047228385868, 165.753823441873;
161.707127896791, 165.386991995892;
161.366126042637, 166.750125531535;
160.904100433067, 166.630343333171;
160.98514680078, 165.415224122511;
160.06933664239, 166.396488771384;
159.538559354364, 166.303539927634;
158.956962515907, 163.797562947669;
158.651460447309, 164.698047872756;
158.351343225598, 163.433835189854;
157.934399770593, 162.985473542132;
148.967018373267, 150.279357438245;
149.001826005628, 150.386847968492;
148.853163795636, 150.273407427801;
149.039067204542, 150.832017369416;
148.965349366234, 150.828946245683;
149.083681080779, 151.54018214824;
149.249000786911, 151.645039117472;
149.220829764695, 151.472285811336;
149.23419469286, 151.252730510292;
149.281582030348, 149.771929901192;
148.751709733987, 146.307102241139;
148.070620751526, 142.851482830218;
148.157372228003, 141.711480663835;
148.211131154781, 141.379227197892;
148.698522886635, 141.021751946692;
153.301089313043, 146.577024665031;
155.708368973594, 146.804353829219;
156.888269401684, 145.215478483273;
157.187914816559, 145.162688188775;
157.517671902701, 145.679194484527;
157.671696282201, 145.777727625346;
157.691189115065, 145.772704267426;
157.792033766732, 147.064749340736;
157.735204769147, 145.868610328685;
157.703427017488, 146.31684664039;
157.542388509077, 145.936040796057;
157.4466144366, 145.625907915422;
157.277916043952, 145.622548907133;
157.238163239044, 145.644072614875;
157.249664497171, 145.401055854764;
157.219097696989, 145.661884514981;
157.194541695366, 145.7628827661;
157.23177227649, 145.878931866744;
157.159547727361, 146.151153190619;
157.089912686584, 146.469444258063;
157.161201556426, 146.640068099706;
157.186334219328, 147.192265324597;
156.975024245744, 147.761202278718;
156.901640838477, 148.12571954942;
156.832432960553, 148.138779947155;
156.82854718018, 148.367255637971;
156.799290779092, 148.619392769552;
156.291543461858, 148.39028780115;
155.747183550509, 149.682747822216;
152.551331147676, 145.319937715632;
153.415149363779, 149.347533156639;
159.923180645436, 161.469950656811;
159.272241682424, 161.637833196433;
158.91697209654, 162.49835847962;
158.662707927359, 163.12550136263;
158.441900231908, 163.141911382525;
158.058127012328, 162.654347165599;
158.340721733139, 163.404482314343;
158.286380295653, 163.27998265146;
157.981136225728, 161.557791385529;
158.948004061466, 160.135208174533;
160.513507804892, 158.370863624161;
149.935820174819, 139.317750149667;
149.758972966889, 138.807804416501;
160.33805691338, 156.043454544426;
149.345317860109, 142.249680976614;
158.278951639776, 157.786194760645;
147.512174801122, 145.337024489092;
147.003158349405, 139.791486993086;
146.64066604717, 139.119980058445;
157.066503790464, 153.66508862565;
146.023876244512, 149.47078624627;
145.925490841319, 142.881151224764;
145.874779716033, 144.970368020247;
146.331019082503, 146.775593356149;
147.136747065155, 142.37216915304;
146.778943220246, 140.083279788249;
146.247580579797, 139.96761729549;
158.331604113054, 158.938299420958;
145.916545892709, 141.363504390329;
145.91157651118, 134.058376113302;
146.55740828939, 130.862933623598;
148.058963963405, 134.225270886771;
151.359442228525, 128.127901947319;
154.507596203438, 127.577359322082;
159.130394255736, 133.969313460015;
168.369226846522, 151.844266246964;
161.114756414363, 136.002611079978;
161.628460234411, 135.88387367869;
161.334824353603, 137.117914846262;
162.139559957243, 137.32976518524;
163.083460630331, 137.884058493728;
169.933084144295, 152.99833161993;
169.801303389557, 153.11269688484;
169.801787464091, 153.034388285998;
169.782185838443, 153.167111458741;
170.082294160887, 153.807129124116;
169.446808959697, 153.561534258324;
170.049920979039, 154.246044729641;
170.542760449214, 154.569829087677;
170.299791742521, 153.968502621094;
170.606005799859, 154.46775746888;
164.015017158041, 140.421885268632;
169.401815560614, 153.904742128182;
169.704501503272, 154.425973452812;
169.858662132102, 155.203372432312;
170.267588187103, 155.48105992587;
169.833666810945, 155.049999476307;
170.105202740348, 154.843519135596;
170.339794208448, 154.834107842688;
170.48732495573, 154.83538508023;
170.483446257413, 154.529273911623;
170.59274053341, 154.620364928643;
170.133206473787, 154.480172098108;
169.260068027521, 155.362530353501;
162.133206805452, 144.899500666768;
167.878133402715, 158.377277541567;
162.397198300187, 152.647274507122;
162.032153424676, 151.024461874087;
167.195216535418, 158.793997911887;
166.523347475936, 162.390058373811;
164.846898209273, 157.138657149643;
156.087331791297, 148.06246175318;
155.89781860234, 146.805716819258;
164.100645670946, 159.297672379599;
164.086189724162, 159.546309739751;
164.086433566029, 159.439594663117;
164.235464705953, 159.560955576626;
164.337124558353, 159.788653902787;
164.376504155529, 159.391732077534;
156.267722121848, 147.930020166861;
156.611818092065, 148.113760069807;
156.548436767144, 148.157042952215;
156.459797896365, 148.173367008254;
164.24581673105, 159.80164220077;
164.213249627292, 159.625730789952;
156.103262210794, 147.714085734811;
156.119512232458, 147.332923204075;
155.85362033208, 146.707164204486;
164.036685026144, 159.292221665034;
164.337136436926, 159.663807112511;
164.610848642431, 160.269631455213;
164.557532318947, 160.805698325832;
164.470269390283, 161.264876853871;
164.330847899503, 161.399495451123;
157.299512198676, 150.069067077525;
157.111298869598, 150.209694468564;
156.808224019762, 149.934702814511;
163.650534741172, 160.976220454748;
156.455924332444, 150.211756499483;
156.8123963568, 150.046720633598;
156.719712755588, 150.088774728619;
156.461756216076, 148.650782494177;
156.071497563853, 146.773611545423;
155.930558201036, 145.73720566404;
156.229952539899, 145.225597241376;
156.085955402798, 145.10864757973;
155.948759332696, 144.829669737247;
155.650771275905, 144.686010717368;
155.024533771047, 143.933565202154;
154.91306258771, 144.458851757808;
153.509828007765, 142.218643841148;
153.107073935576, 141.145530197885;
153.797870854445, 142.523828880793;
154.172078398976, 143.439824052906;
154.446929787447, 142.888393660941;
154.421176425369, 143.682252973895;
154.372724272808, 144.112282979892;
154.338243279751, 144.58930130784;
154.247427596937, 144.652313026285;
154.189515654822, 144.827770687893;
154.355882672966, 145.060833288385;
154.703245841158, 144.975177715018;
154.450675138188, 144.159145801091;
153.633577408614, 143.594157443661;
150.065007986138, 139.31487496955;
150.505714703153, 140.28254693566;
149.887130605886, 140.020904135576;
151.972543480938, 141.793675736306;
151.775967313435, 141.770848069262;
152.565027879989, 146.919015620836;
153.815188326997, 152.6162816052;
154.256111714479, 154.112928332538;
155.959006700582, 156.417900803637;
156.759020473161, 158.548880147454;
157.503783987556, 159.27266119028;
157.508329572877, 158.366321100183;
162.092995994482, 163.970991902094;
155.290427505938, 152.62220437889;
157.952501852403, 157.66165369015;
157.719179773186, 155.480361996548;
157.381108322798, 152.663013664919;
157.610820286268, 151.200919428206;
157.794975743384, 150.837694122554;
