159.867049186087, 159.76431633189;
160.002566054601, 159.736489493438;
160.011296560562, 159.790386340951;
159.868627885216, 161.670652030971;
159.943792534373, 161.815431042176;
150.625385255326, 146.356477982524;
159.78104352764, 161.753306586385;
159.907756471459, 161.636037388852;
159.766407171618, 161.572277861398;
159.651823323157, 161.510004921178;
159.61203134252, 161.34299739065;
159.755371541253, 161.407211681086;
150.526034549005, 145.539693607219;
159.904940573537, 160.906704687523;
150.920048102894, 145.123163773799;
160.107641791973, 160.9557156066;
159.929905687179, 160.977695890982;
159.85986897438, 161.082087629389;
159.824195052929, 161.024728741679;
150.739426278363, 145.340357270569;
150.5810748588, 144.662736218087;
151.125872536499, 144.988947289645;
149.941348302218, 146.356407067947;
158.302677075864, 159.596596661471;
149.342755066507, 146.214284003641;
149.702514666948, 143.986347706309;
149.744093917929, 142.977260789938;
149.863048105416, 142.62519561108;
149.923773524502, 143.132527542196;
149.879854982523, 142.633552278241;
149.993805791946, 143.029688196765;
150.025427181522, 143.330594044273;
150.017037108016, 143.792457579965;
149.907268311027, 143.834009678972;
148.949329585176, 144.0217328997;
148.636736762063, 143.701154064921;
148.872690009868, 143.564598521576;
148.824179683244, 143.444731913872;
148.817407157299, 143.316293218659;
149.032102586341, 143.664671540085;
149.117225590549, 143.457694090689;
149.214777423154, 143.46529772713;
149.139485785709, 143.444877977876;
148.877358389072, 143.850138203781;
149.427555357152, 144.05546497084;
149.337815057022, 144.198004180342;
148.918167825793, 144.854385753695;
148.924267703418, 146.027287885576;
148.93702909771, 146.533787233734;
148.910362647531, 146.625665611876;
148.981851175061, 146.197088717954;
148.997851253549, 145.69675610491;
149.193099448851, 145.038019866881;
148.43202276189, 143.810988739739;
148.226218064547, 143.371438863761;
147.954354141125, 142.824005147619;
147.979221118759, 141.993400756985;
148.352790341133, 142.00067609642;
148.645150327581, 141.811440372263;
148.906825291074, 141.710369067307;
149.114210283346, 141.806858965306;
149.174009740668, 141.593377349695;
149.227021896829, 141.644104073261;
149.182645430036, 141.643146054168;
149.086992854563, 141.575051873707;
148.965782476652, 141.510043204683;
148.743912114409, 141.478911849668;
149.508498810968, 140.655913555387;
148.604974246547, 139.50330004889;
148.318416417613, 138.49783451212;
148.448593040374, 136.654743248655;
148.915157198793, 137.829283545402;
147.664349592578, 146.200506159294;
154.497517912992, 161.737979659854;
153.916378961709, 162.300504728348;
146.673369033834, 146.794608026929;
148.704354111857, 141.155754284006;
151.051326031339, 140.371951899076;
151.917562731389, 139.886679536159;
152.380611049355, 139.840232879815;
152.698995918744, 141.189630552945;
151.628472167314, 143.006129089756;
148.975131245092, 143.734645090201;
146.8456555533, 144.491850815576;
146.624582631358, 146.712299871463;
146.537073330369, 147.070078832499;
146.623048409129, 146.621324255294;
146.772084119779, 145.556779635197;
147.391267562954, 144.568700352328;
148.721081166739, 142.895713213217;
148.867266930994, 142.932618667999;
150.042203452847, 144.299174767748;
151.203033166169, 146.666867195891;
151.191484247365, 147.205873672727;
150.628674997112, 146.201780843754;
149.613911524236, 146.000107636797;
149.768676269309, 145.933778339901;
149.617596008472, 146.012790976707;
149.651694985058, 145.990151567495;
149.492010095227, 145.769052819079;
149.426681172491, 145.191479023291;
147.964610141598, 144.04479786472;
148.460757152597, 143.243790130111;
148.588065159886, 143.567657249701;
148.800586308915, 143.760972907883;
149.142216644754, 143.661376224785;
149.389430577735, 143.335194824211;
149.603606322945, 143.062478549258;
149.661027209534, 143.342564343999;
149.60592153581, 143.476675895177;
149.527580779513, 143.863388461952;
149.233595599308, 143.404926535504;
148.904129412724, 144.438058878162;
148.141790798289, 143.526800684928;
148.859883368851, 143.55307405957;
148.237770632208, 143.500696978211;
148.75789815162, 141.739215902342;
149.491271587369, 142.38343814383;
149.8427820573, 141.564278543695;
149.985303147831, 141.650148545384;
149.729408456361, 141.869602191052;
149.662006523881, 142.870894288949;
149.192555483808, 145.120716203443;
149.834558107036, 144.842165838055;
149.932096665441, 145.336198850775;
149.642924130054, 144.91660418779;
149.461572607709, 144.609378839044;
149.462136473356, 144.280236588079;
149.417600244876, 142.871993443529;
149.343121846526, 140.869945810061;
149.243238358829, 140.216280428715;
149.561624764153, 140.327674253525;
149.728404768648, 140.233327891476;
149.78730800022, 138.720624852884;
149.860365035826, 139.502925705893;
149.906433334356, 139.673423725264;
149.662802330229, 139.895301536553;
148.952247037902, 141.933250701665;
148.241042807088, 142.787782704168;
147.896791916001, 142.562628522563;
147.750147545179, 142.743162527007;
147.726874469478, 142.51157412163;
147.673482747637, 142.464074855205;
147.631163186202, 142.014405916461;
147.689798675132, 139.380498962808;
147.936826821772, 139.427384811781;
148.404988171279, 139.811585912241;
148.891927291853, 140.095238672746;
149.264033825495, 140.068730369108;
149.432601071057, 138.872443372129;
149.689052407489, 139.332087260949;
149.661697415066, 139.356957928283;
149.738582697433, 139.652451713989;
149.703486465254, 139.633632362117;
149.512356349158, 139.352017170251;
149.445344784839, 139.402260380301;
149.284247331923, 139.238448735203;
148.947327078726, 138.851199899458;
148.684345706233, 138.600514496103;
148.549961561869, 138.298739758987;
148.510949215851, 138.459030047669;
148.468031951533, 138.352066082597;
148.581963901461, 138.493898816607;
148.98132201179, 139.076808667046;
148.92950724631, 139.388000067509;
149.038541843928, 139.962160868497;
149.001399797095, 139.485437167268;
148.963890863531, 139.573344362276;
148.987624635537, 139.457541705892;
148.873088157027, 139.488820453507;
148.840924572218, 140.349652486948;
148.947327485366, 141.550802863769;
148.858743668046, 141.270501356233;
148.825961304115, 141.344588501507;
148.528461051516, 140.133880547902;
148.102864330996, 140.218840967155;
146.950485484628, 139.511943886299;
146.656838750469, 138.885328043917;
146.563808323289, 138.751134905315;
146.464368361044, 138.48022624233;
146.353042791427, 138.095462452076;
146.277168562557, 137.818800496673;
146.273841126032, 137.878516752479;
146.413474108154, 137.763374174226;
146.481828348452, 137.052615954705;
146.823997523832, 137.62740610233;
146.916231826159, 137.8009619923;
146.862460057514, 139.11592188024;
146.64854851743, 139.315748845292;
146.195075268849, 139.357174706563;
145.944047195738, 140.029345774877;
145.606705268199, 139.220415459085;
145.589846309393, 138.929162266354;
145.600826695482, 137.96282027598;
145.714125919001, 138.159065212951;
145.765146268003, 137.867110476347;
145.745051578464, 137.238129604833;
145.82628819171, 137.884240348933;
145.909112238977, 138.324026106077;
145.976462689962, 137.87114639651;
147.501493046119, 141.07497398583;
147.235435222352, 140.630723661899;
146.75565251269, 141.008445863454;
146.541274073958, 141.231892495976;
146.435202605814, 139.928660696719;
146.585945283387, 140.710357729445;
147.159153587929, 140.573594769751;
147.396217491752, 140.563715571544;
147.830276039922, 141.030550664209;
148.21510422428, 141.914971887999;
148.212490214177, 141.841849715076;
148.114657012712, 141.584084850967;
147.878276274562, 141.23433383472;
147.324393785709, 142.244680239049;
147.03505601661, 142.723766587825;
146.795928623029, 141.077595385492;
146.835418232857, 140.366089072286;
146.915793524831, 140.545750848452;
146.825048391705, 141.77833498921;
146.608966339803, 141.605610127174;
146.606650170248, 141.104608190824;
146.735614870355, 139.614149394032;
146.988030387382, 139.385324938291;
147.216431444838, 139.69681541168;
147.270085341108, 139.674982060201;
147.315076521372, 139.959903768585;
148.196850305736, 140.746434442141;
147.852677972725, 140.410835705722;
147.738187768745, 140.363914115723;
146.824801797996, 139.778065738458;
146.94030476881, 139.211409359789;
147.217504315117, 139.136896439802;
147.083907133089, 138.605922269275;
147.238530358339, 138.595242480958;
147.461406399926, 138.667975826922;
147.593724945447, 138.72819730078;
147.8753725055, 139.228821026766;
147.879166407424, 139.320608534289;
147.587852330834, 139.565224157319;
147.035480647177, 142.393186658857;
147.360622937055, 140.875783596305;
146.746624138698, 139.753306252349;
146.830193601454, 140.092958258251;
146.738139321027, 140.35368598508;
146.727697681536, 140.090784273556;
146.731540130448, 139.800209530504;
146.744825949776, 139.839101254808;
146.798236276527, 139.811479947567;
146.837524219253, 139.806892274219;
146.780927530152, 139.403897803266;
146.728537339969, 139.112932125354;
145.554576603793, 137.793373099653;
145.528237186148, 136.413730275308;
145.705903270428, 136.077306843791;
146.107281905403, 135.018134265735;
146.394339452105, 135.670409587821;
146.442024488331, 135.401843474335;
146.549006537862, 135.332402032599;
146.66220530818, 135.593833220976;
146.732728843654, 136.205514640468;
146.810328341909, 136.707576270078;
146.814706709959, 137.981196132343;
146.65272910218, 134.631487079719;
146.657081785238, 137.384050247354;
146.641965571162, 137.445807264293;
146.582598226462, 137.292862044306;
146.450163174097, 137.16455665725;
146.183866440365, 136.953507912022;
145.428657305977, 135.425739914783;
145.444449322873, 135.825082723124;
145.444888817673, 136.303704453428;
145.467879338943, 136.412167398815;
145.453592568444, 136.466579003744;
145.619491474375, 136.703137662635;
145.455329489741, 136.537474759881;
145.472619551726, 136.430531159427;
144.835726919837, 135.341101792421;
144.78310079332, 134.91993259253;
144.905440776702, 135.270469765031;
145.065061836234, 135.288884444648;
145.233594906165, 135.818901429378;
145.447433694218, 136.230385161502;
145.655040426685, 136.325199758527;
145.679197676833, 136.431049176488;
145.75661635284, 136.570487278492;
145.797833432805, 137.021930429121;
145.74541835066, 136.899024546881;
145.770626314606, 136.708917919849;
145.722670410916, 136.57863569905;
145.501822326079, 136.601757361638;
145.500610164408, 136.664696574458;
145.06759322765, 135.976544834694;
144.830443346887, 135.871740776265;
144.648906367295, 136.226727568173;
144.606323072154, 136.20245220652;
144.64768638795, 136.383557810027;
144.725947036973, 136.539559480881;
144.778583128685, 136.643235116022;
144.730757173752, 136.651034751526;
144.716801919123, 136.540574809114;
144.515481318931, 136.005240646015;
144.095503361819, 135.192291174536;
145.063256141926, 136.062587900815;
145.169186951588, 136.108449504356;
145.065233056618, 135.922014273696;
145.141074629776, 136.025966496908;
145.077983675749, 136.429132224334;
145.208311817834, 136.440760410761;
144.904232691329, 136.264074662998;
144.404265277603, 136.208752108619;
144.322058536235, 136.131080956484;
144.408785863363, 136.278118443059;
144.325049559768, 136.376539054684;
144.530253056705, 136.402011187058;
144.590995926192, 136.426206032783;
144.71331606364, 136.352665445162;
144.809420139469, 136.403270275314;
144.823996077406, 136.187067518178;
144.238353215199, 135.99176052392;
144.133780516777, 134.978756852069;
144.445852574517, 135.177663861452;
144.88250286486, 135.919204388022;
145.117807204865, 136.217320175988;
145.252316118064, 136.334238784982;
145.374473530348, 136.005596797024;
145.277304230463, 137.042437671755;
145.242520282338, 136.913420697427;
145.22434671594, 136.714788029557;
145.391753248885, 136.530395132049;
145.154017380115, 136.2474136436;
145.05170729793, 136.176519006294;
145.113098571449, 136.056251403097;
145.096638026249, 136.085728819766;
145.086871465034, 136.132337949519;
144.99499677892, 136.112418965239;
145.027762439914, 136.159033781413;
145.204038141918, 136.270859899179;
145.179468804337, 136.290237150541;
145.165656221334, 136.374698689848;
145.085066118903, 136.29854795039;
145.272780719148, 136.40884390196;
145.226296545942, 136.273127019185;
145.106615558405, 136.113319788846;
144.669896194778, 135.257179168173;
144.476711265433, 135.122403534431;
144.281894992583, 134.87852840501;
144.328185713113, 134.996624350491;
144.382766676187, 135.145421018784;
144.652978154794, 135.896124297471;
144.902694122964, 135.654158504946;
144.835026107791, 135.718206532785;
144.795512424386, 135.748240689388;
144.886903255183, 135.918351034806;
144.959773671631, 135.923146214079;
145.01118368368, 135.92742469853;
144.832715152616, 135.866944712772;
144.683428779661, 135.756052556721;
144.400467041549, 135.229758122273;
143.998730704577, 135.127964411891;
143.968759683209, 135.099293685196;
143.950910744548, 135.317420511737;
143.94854919572, 135.406738237532;
143.360942255261, 134.622519147903;
143.644878679169, 134.559081499799;
143.815716454591, 134.710752499171;
143.835294305463, 134.779899724843;
144.020658666978, 135.063208682129;
144.261650894886, 135.165890361655;
144.33298158071, 135.144635845665;
144.335109846204, 135.206060488856;
144.227291149402, 135.293576082159;
143.556554197534, 134.635571606063;
143.535257978376, 134.62386886167;
143.481179365951, 134.368890825419;
143.497700401504, 134.500402551838;
143.319562422077, 134.198406164984;
143.31910379068, 134.19102243787;
143.126439350447, 134.035403440485;
142.809754753198, 134.43679321892;
142.969546949003, 134.933334154709;
143.087454476815, 135.158128128967;
143.216492094611, 135.293629503917;
143.028050119447, 135.168704921218;
143.074522408395, 135.104513073491;
143.129278691396, 135.037579502346;
143.076719289021, 134.982225493066;
143.133937088931, 135.00752956198;
143.13887606494, 134.948572858128;
143.140144268512, 135.008018730706;
143.120002424375, 134.950164709883;
143.065078027117, 134.944235073627;
142.96656005113, 134.86408171485;
142.906330932956, 134.893621160295;
142.914978197337, 134.877169175163;
142.838433603697, 134.641450659706;
142.533760743015, 134.48315415529;
142.293226608901, 134.394583416938;
142.195200081613, 133.863844277968;
142.537257904631, 133.629861434658;
142.906067347324, 134.084746085653;
145.916047617478, 139.725719884324;
145.933657670556, 139.699568264029;
146.005904944613, 139.710866080202;
146.050045789538, 139.83888138714;
146.14196793661, 139.93447435818;
146.151332435467, 139.948997420992;
146.915823933674, 140.811880357588;
146.410169453928, 139.819498231793;
146.259279332752, 139.618851603172;
146.110675558596, 139.64637969987;
146.112828162986, 139.67047710867;
146.208191311301, 139.821318967207;
146.252266114498, 139.780855012122;
146.280334319878, 139.778342783571;
146.334331042573, 139.88275895145;
146.345917042502, 139.818705786434;
146.289673652289, 139.909541530177;
146.308240527813, 139.836668171907;
146.48645244528, 139.692372356715;
145.562538098832, 139.006847686266;
145.707442704539, 139.047925014568;
145.587634709513, 139.000062678283;
145.907802742796, 139.127344567902;
146.247721337887, 139.593194422048;
146.473043151981, 139.987987263559;
146.334055237976, 140.16624154585;
146.174090359888, 140.192274676202;
145.841105325643, 139.703918660751;
145.868793048282, 139.796747353739;
145.969344593618, 139.809811002369;
145.366341521019, 139.209970111002;
145.985665882799, 139.764733636047;
146.020719786293, 139.493634421477;
145.562434311164, 139.000447503668;
145.733497111107, 139.010474210016;
145.561625363301, 138.738822857509;
146.081220987349, 139.049367672681;
146.145450915788, 139.216123839655;
145.907085864433, 139.672523563237;
145.595427188318, 139.354053270326;
145.572598185112, 139.457114887069;
145.555953680836, 139.482176553901;
145.527343105766, 139.473484205078;
145.435563307812, 139.278319741472;
145.459737263386, 139.224614543918;
145.691157426881, 139.287988686879;
145.847359839173, 139.284107994797;
145.132966585909, 138.61307968771;
145.511364478429, 138.564977704191;
145.712826783919, 138.027518632672;
144.888658291429, 137.620696127522;
144.939247136506, 137.801907357;
145.502859955488, 138.077265538018;
145.505366983189, 138.263635851668;
145.810383064845, 138.865009214267;
145.613655794922, 138.885093809702;
145.468450405468, 138.829654687522;
145.195242215277, 138.65423737494;
145.133442847436, 138.566375222274;
145.151181642758, 138.644565962434;
145.116798234288, 138.608177638297;
145.127089016175, 138.646298877986;
144.873053511031, 138.368553493525;
145.043526372327, 138.524160123268;
145.195912330082, 138.526640205412;
145.332164844174, 138.540795911676;
145.454473208533, 138.456064492164;
145.515745792659, 138.379041808721;
145.462626023055, 138.038051002573;
145.445714928249, 137.882893324061;
145.516032208315, 138.179737445393;
145.297546354645, 138.343614450073;
144.898073094762, 138.144131371057;
144.916314082733, 137.815558875613;
144.942842846418, 137.702512582835;
145.020811420981, 137.576118182024;
144.964499309275, 137.636790067536;
144.978552468085, 137.772608214706;
145.002355838772, 137.66605411376;
144.910000897639, 137.606477174139;
144.836618474035, 137.680907139692;
144.811354174301, 137.921804764086;
145.142979647838, 138.100506629138;
145.554785745148, 138.340122638983;
145.457354967923, 138.333729032018;
145.18260541019, 138.142517779902;
144.867091671617, 138.09372431959;
144.688717279957, 137.668552360735;
144.637634519506, 137.581254644717;
144.547308570729, 137.386949173897;
144.855433610791, 137.768885843614;
145.09183940019, 137.697115398223;
144.993177373175, 137.818811453778;
144.981941311869, 137.835097984664;
144.9641058155, 137.81509149321;
145.061018808038, 137.795639237839;
144.544806515823, 137.427790093738;
144.370440713263, 137.467473979811;
144.423659550987, 137.429680095704;
144.32298107903, 137.027880462546;
144.344612552969, 137.084757442106;
144.614921003407, 136.952043487403;
144.89402913972, 137.242551402531;
144.836792659926, 137.619811598688;
145.07551450699, 137.853767884543;
145.053292332191, 137.843782451247;
144.936913029103, 137.650423607722;
144.854037941913, 137.765574182297;
144.681847594081, 137.654329944708;
144.624816820409, 137.653899071825;
144.600645751125, 137.660860175795;
144.585019529155, 137.622972683312;
144.716523189066, 137.685651050215;
144.858613406765, 137.645477918545;
144.920631060708, 137.596130190084;
144.284448789186, 137.050549257322;
144.04987694102, 136.797015835403;
143.933979733675, 136.804489671353;
143.870082387138, 136.664325726201;
144.099011771516, 136.794461036077;
143.954173579483, 136.805673574505;
144.624659796108, 137.223439610605;
144.509536487735, 137.189379206417;
144.44257295893, 137.148110714955;
144.053544542818, 137.047447480053;
144.299789974663, 137.163838496039;
144.031431882841, 137.072219060466;
143.863563080732, 136.989569744479;
144.305869166095, 137.225793838545;
144.27026517331, 137.171688137393;
144.083391638841, 137.035314141536;
143.948585641407, 137.037451393788;
143.9768924348, 137.184260957722;
144.307027214128, 137.232016937408;
144.448638121727, 137.262617973983;
144.107598823017, 137.087711968651;
144.161389390193, 137.083683728924;
144.157618091506, 137.041705281143;
144.471567021043, 137.186647705736;
144.488745694906, 137.307314960639;
144.657441038801, 137.57885009517;
144.423219223892, 137.554652275627;
144.379514411152, 137.461528743337;
144.396158381925, 137.463751601867;
144.48969533102, 137.518550144564;
144.373282805182, 137.428292427571;
144.291559424368, 137.349041378803;
143.991064049009, 137.159597081038;
143.933652763822, 137.151776896255;
143.662946640826, 136.99354649114;
143.650275610648, 136.896665571365;
143.405777050646, 136.709537439453;
143.493001130585, 136.597564700524;
143.868434632131, 136.895464986825;
144.105841110689, 136.874566938898;
143.929167667958, 136.884659830538;
143.881832131929, 136.845851976552;
144.131996547812, 137.392307303808;
143.743380161291, 137.034812326237;
143.600015374696, 136.866581976169;
143.331611264878, 136.753298365387;
143.272047869847, 136.616760520351;
143.357653194344, 136.495593128447;
143.090782871073, 136.301669353236;
142.950111660585, 136.18928337081;
142.722837719205, 136.048194784463;
143.145309778688, 136.261927233578;
142.908036120282, 136.131233272227;
142.984361508133, 135.940481376409;
142.836967732565, 135.941899367851;
142.775007736602, 135.972252208465;
142.725848249777, 135.986723526003;
142.734317176733, 136.039196586367;
143.050119946286, 136.395920195989;
143.172523074963, 136.484113830701;
143.23461104704, 136.522349110284;
143.206369484623, 136.652125085965;
143.189442075822, 136.692793009261;
143.241055539529, 136.758703800552;
143.188575360135, 136.782492681554;
143.174945180359, 136.828663429222;
142.686074857069, 136.580199540947;
142.772402541593, 136.463266590969;
142.333813496446, 136.248996827852;
142.334645885093, 136.206214889554;
142.198506342151, 136.047260769285;
142.222436183569, 136.028844061586;
142.18150314548, 136.085505947751;
142.133722289374, 136.050045638387;
142.312387937665, 136.133160599901;
142.517586527181, 136.26786557252;
142.637773942888, 136.535002968598;
142.774223977931, 136.706754038471;
142.774419891705, 136.587114808837;
142.806781596134, 136.733514866089;
142.714214186675, 136.722188573403;
142.602387400538, 136.58018503499;
142.40829504145, 136.478105891302;
142.403109759964, 136.557501138963;
142.50502448116, 136.694606805161;
