157.00142962212, 160.522613453917;
157.599148673216, 161.093585630496;
158.448718776874, 163.47293373942;
156.997936794522, 160.508200915209;
157.186890224984, 161.312869436845;
156.508889731948, 160.245827818376;
154.625714063074, 158.602764812996;
155.488042112659, 159.038532807352;
155.61582905022, 159.567605848745;
157.837466104356, 164.874159747956;
158.135840763011, 165.41166614544;
156.351650537439, 160.748583636975;
156.149276988366, 160.239902605354;
156.141689915823, 160.299222723699;
155.505889009557, 158.979092875148;
154.610145834304, 157.721367189224;
154.257028147315, 158.291761233591;
154.402357724122, 160.146141919382;
154.207787929014, 161.791416152652;
152.839784897377, 161.573097890015;
151.330965253312, 161.613842545609;
150.81607213818, 162.269218652577;
150.263185538012, 162.266932930861;
150.083432044753, 161.940219708105;
150.331330803896, 160.50970957458;
151.152924259265, 161.35837545304;
151.899846485129, 160.557881080562;
154.038327823788, 159.222653477864;
153.793628647511, 155.08783011113;
155.016118933789, 160.284992895873;
154.776804554004, 160.136873837505;
152.99280439896, 155.704797240677;
152.940985141529, 155.170082683078;
153.027782166013, 154.306054007787;
153.027640691297, 154.076168795234;
152.999586894981, 154.284233528062;
152.435508445191, 154.150969279436;
152.679400708422, 156.099273317361;
153.141252263193, 156.934393768649;
152.091281951862, 156.885935547336;
152.344243055932, 157.005147289698;
152.242473534525, 156.486592131781;
153.122325709952, 157.010491196887;
153.416821822267, 157.429714476667;
153.589093606006, 157.182553461789;
152.209488159414, 155.257868582297;
151.851000327265, 154.863814499467;
152.932464700375, 154.336106203316;
153.950732168577, 154.97223890707;
154.194716268432, 155.184574975061;
154.208202286537, 155.376786465203;
154.148002585669, 155.31443793452;
154.076692965825, 155.33210517804;
153.963790341142, 155.220700728931;
153.284270932543, 154.796800605512;
153.616492681818, 155.068838453254;
153.42416154337, 155.203368234349;
153.132987894935, 155.138964287306;
152.457715748843, 154.654410237415;
152.136356133802, 154.539794478534;
151.94998549091, 154.422061664208;
151.802803876569, 154.27124584754;
151.663036988651, 154.201527477168;
151.454079807927, 153.994638111693;
151.407863830706, 153.989984818484;
151.388219433993, 153.990632118943;
151.355414684104, 153.896750506582;
151.403338772695, 153.838312778745;
151.402264868971, 153.742040691132;
151.349368450631, 153.711785294589;
151.329743058699, 153.666470627517;
151.41314279336, 153.631514248595;
151.366805056756, 153.64635984212;
151.258497222029, 153.540157595499;
151.213798922271, 153.430929085178;
150.138053033691, 152.619666015223;
149.2093179091, 152.674387206329;
148.707579467589, 153.073432505538;
148.225680423287, 155.397174392249;
147.307310938731, 155.190855567839;
147.099608932024, 155.408865223002;
146.917211575832, 155.077205970498;
146.405710463999, 153.621523111998;
146.882287558518, 153.666704240612;
147.696118656116, 152.188606915317;
148.81840312234, 152.876790883474;
149.423261087817, 152.666928438291;
149.353371461043, 152.808852421778;
148.721719851514, 151.835007763917;
147.377090974357, 151.21568005179;
147.11602846909, 151.209545300265;
147.504085872463, 151.707543942055;
146.879880910679, 151.362527844127;
146.549034363296, 151.285866710262;
146.423190878849, 151.686238033501;
146.017447948337, 151.332655969466;
145.735515531619, 151.060377984379;
145.811839218006, 151.94335472258;
145.358724042912, 151.323135114799;
145.172315670121, 151.180788401021;
144.738061177907, 150.65114198222;
144.107660552107, 150.066598138889;
143.711931783144, 150.560379320545;
143.363849943564, 150.058093603147;
143.188760546997, 149.979887597003;
143.154433651771, 150.039217314333;
143.054821962286, 150.217302930779;
142.961677715187, 150.146617975935;
142.733357224571, 150.090971263755;
143.172939191752, 151.061601970391;
143.397242638981, 151.111139200374;
143.404929847366, 150.737644868118;
143.173385417062, 150.890780382459;
142.973582543296, 150.827757621205;
142.697775274216, 150.546030087411;
142.551071374048, 150.648897143221;
142.507581109121, 151.09167488578;
141.746159050492, 150.309530258342;
141.879027527712, 150.637948924287;
142.157171707374, 150.314784670178;
142.062272115926, 150.00866876773;
142.643708184744, 150.763657882633;
143.690640780499, 151.981382856642;
144.21609781895, 152.763355927153;
144.590756828963, 153.225551939148;
144.914284835791, 153.364943693515;
145.033524503456, 153.577435096271;
145.114594749643, 153.50253970878;
145.13194326471, 153.53304032127;
144.963048257508, 153.51238952786;
144.951234490731, 153.684592144678;
144.913225649289, 154.096846202301;
144.907437460422, 154.296877212956;
145.091198884519, 155.06874566321;
144.560643158061, 156.478170266503;
144.230893795705, 156.953635927326;
143.968094198514, 157.090617330579;
143.753259489908, 157.017934194302;
143.633092549949, 157.053234206003;
143.55801166115, 156.932722206341;
143.245605258042, 156.705677477581;
143.181707909002, 156.71503394361;
142.776330173667, 156.344190650599;
142.480643453361, 156.049373524196;
142.348994496761, 155.726065989124;
142.285933118958, 155.656290071603;
142.081567889556, 155.315064048708;
142.078753119476, 154.956082850969;
142.340064050016, 154.553251618876;
142.965092572189, 154.481511291237;
144.17847558162, 153.686050930723;
145.498566913469, 153.927906075914;
146.494234324432, 154.31536147401;
146.391377915351, 154.458927577143;
146.762383994773, 155.064556704446;
146.940248415063, 154.866030317284;
146.704295118623, 155.180228418296;
146.42329345828, 155.09859700791;
145.895753571646, 155.652349225965;
145.355852770267, 155.575301109718;
145.245632657932, 155.586432224359;
144.875733707215, 155.036723207756;
144.766649608712, 155.169952944805;
144.625436667901, 155.292827728145;
144.474131843192, 155.520355420407;
144.346487188096, 155.831725460206;
144.01376925386, 155.919557148566;
143.858756815666, 155.812642360608;
143.974274955718, 155.883398333169;
143.806407413114, 155.979750022373;
143.69831927449, 156.32567591863;
143.741567419189, 156.09063480243;
143.550153037715, 156.218147911081;
143.506715821768, 156.608397566569;
143.556756915986, 156.766379190619;
143.609191769495, 156.87667666296;
143.553328595303, 156.967080837324;
143.41938824438, 157.132625879072;
143.313424008733, 157.115892599882;
143.113041215959, 157.209763241728;
143.075414637446, 157.285340142487;
143.034750687696, 157.592135774952;
143.03294323583, 157.465174796594;
142.589557824024, 157.210452555022;
142.634510985174, 157.173052262687;
142.575312795905, 156.82577847213;
142.19127817505, 156.000531001329;
142.671154056445, 156.265636482293;
143.092890802086, 156.261018335592;
143.278396310271, 155.775948722692;
143.218544740305, 156.07733474954;
143.319357878684, 155.771234239779;
143.008411844265, 155.520324218279;
142.616284212861, 156.004970715263;
142.330373291518, 155.848101457958;
142.094520697286, 155.73837339147;
142.142779647751, 155.664525794087;
141.951977051518, 155.468554040089;
141.508365580477, 154.450280216667;
140.932202658548, 153.997907514875;
148.846323900035, 152.861529539309;
148.76900363429, 152.837442643793;
148.801704011827, 152.203367930778;
148.823387843723, 152.048350400244;
148.806547208163, 152.068449018189;
148.687317865022, 152.704731733911;
148.474830388389, 153.010769389811;
148.221618533733, 152.970411296165;
148.115399727981, 152.729651894757;
148.187000762232, 152.636695428845;
148.354920361508, 151.894614840668;
148.397799080283, 152.073287010234;
148.324955823472, 151.997961395769;
148.29976203855, 151.906041368153;
148.309625473973, 152.121202927746;
148.285749434453, 152.54348210175;
148.192448562665, 152.494815540995;
148.143730632721, 152.836728706196;
148.247126179608, 154.45069901121;
148.368813076867, 157.898324975528;
147.309408231413, 160.06893432985;
146.862372710889, 161.041390487754;
146.695345611164, 160.957879988169;
146.807362198712, 160.347896725611;
147.000576887864, 160.507060278008;
147.152157817741, 159.897641978022;
147.458898811777, 158.496862112438;
147.704042498528, 158.259283609763;
147.893425344936, 156.180625864341;
147.86058742317, 153.31985203746;
147.865356336847, 152.635283825132;
147.770711941869, 152.384940751654;
148.958354921064, 156.446132969118;
149.366808205935, 157.42390383695;
149.769686722949, 157.877385335482;
150.244195030555, 158.466411821019;
150.239874174033, 158.574486062764;
149.857778511813, 158.139617405215;
148.049407451669, 153.933467753574;
146.749469915246, 149.707891782085;
145.871067750699, 148.518848516523;
145.52166004633, 149.026184533225;
145.265449097388, 149.13193667398;
144.959664438606, 148.523414225173;
145.156065069161, 149.486936705517;
145.687467094197, 150.271961028659;
146.238798712111, 151.032194035175;
146.32987979447, 151.218293374503;
146.31653156409, 151.452558729937;
146.353710660739, 151.393332620436;
146.352933295304, 151.338625180807;
146.395763635596, 151.326185176872;
146.416792401299, 151.29750985665;
146.349173181643, 150.984475357491;
145.914237109958, 150.292656530256;
145.914353572587, 150.263132717101;
145.815997650169, 150.38471676794;
145.747653038256, 150.608570010141;
145.700602912775, 150.602593081973;
145.752204617531, 150.587435420952;
145.781881400781, 150.672775526635;
145.878593878862, 150.712368410672;
145.969338319511, 150.81980205857;
145.917065800239, 150.959624214097;
145.793621627683, 150.941329369815;
145.93015006441, 151.005590927363;
146.018411351007, 151.323500000132;
146.29749798882, 152.038844445946;
147.241547880873, 153.643623008051;
147.68883872456, 154.390202738691;
147.702663711684, 155.321495792832;
148.130657659228, 156.927699617422;
148.254410961532, 157.447155944146;
148.447311649533, 155.916653089402;
148.532175931774, 155.308224695301;
148.563557354566, 155.521588742078;
148.434666708792, 155.218163642639;
148.410449887291, 154.877546687191;
148.30336216967, 154.48500847083;
148.151976006781, 154.107574632862;
147.98296322306, 153.696335050924;
147.798353611143, 153.330615058843;
147.485275985184, 153.032715794649;
147.193905770779, 152.972296388208;
146.841470083387, 152.468091256719;
146.657813475235, 152.434560026414;
146.396544018058, 152.507913469972;
146.518444206864, 153.152676931135;
146.434170603462, 153.323768600128;
146.286612030223, 153.028595985483;
146.253614094103, 152.924177942903;
146.374170894989, 153.432417953158;
146.509871716406, 153.150480611;
146.613132716689, 153.131239867075;
146.959278737871, 152.307460255605;
147.185584361297, 151.272681709888;
147.493713806298, 149.856436780479;
147.485817253119, 147.017358471564;
146.70502953443, 144.512976688547;
146.408931831924, 143.942829598063;
146.343330758796, 143.49805060699;
146.959409815861, 143.205521933323;
148.192915129674, 144.681897024758;
148.690678233802, 145.169222841639;
149.60124945896, 144.91310704208;
149.660761257659, 145.271537427219;
149.576605830872, 145.155839864155;
149.014937545451, 143.877160300102;
148.035577863418, 141.776216766895;
148.074444758876, 141.572576447984;
148.069314445556, 141.390084027655;
148.064568138005, 141.692693758395;
148.023239925202, 141.921545349418;
147.876553779433, 142.103388431893;
147.822015077348, 142.247684671549;
147.540810960418, 142.019216794264;
147.26244479742, 142.225789477468;
146.58906877805, 141.11581234726;
146.199350472658, 141.268980228553;
146.179357175923, 141.59993855747;
146.715066062858, 142.443813948512;
147.295132128972, 142.155221612697;
148.49465836021, 143.898298775304;
149.5468241616, 146.307074643703;
150.754672057404, 149.983395115247;
150.899193492678, 153.893014546302;
150.170690409469, 154.974169466892;
149.631997991878, 154.620001104656;
149.318883704134, 154.627029173264;
149.132591437252, 154.82375622492;
148.918860312075, 155.03780757587;
148.618197141281, 154.823813977284;
148.49880219094, 154.691368131699;
148.256031247584, 154.5172093618;
148.0906620622, 154.286011181117;
147.82929850324, 153.797884053777;
147.02765587136, 151.770459206992;
146.3570289016, 149.669841173537;
145.61929221099, 147.860987677002;
145.128959325919, 146.893708839759;
144.909439723426, 146.691952751126;
144.742251016475, 146.842484467042;
144.612984198745, 146.702811406779;
144.398835293833, 146.495857419653;
144.285606713754, 146.363178903527;
143.52328013451, 145.543184111497;
143.663221966293, 145.728474004281;
143.341033670341, 145.575294295904;
142.695151990959, 144.841542204378;
142.376269317195, 144.429240615993;
142.571985914291, 144.752563003627;
142.528178750793, 144.855119437829;
142.676046980703, 145.122372161792;
142.395541372497, 145.125412297;
141.556570231954, 145.303390494174;
141.436001602326, 145.963311208588;
141.345089834819, 146.407606112909;
141.35774882927, 147.095585492374;
141.568812859121, 148.028801417198;
141.764076326104, 148.791869476461;
141.865394193943, 149.0852834845;
142.065915048448, 149.455198485073;
142.340732988472, 149.800751299379;
142.573132957034, 150.022340188329;
142.689342385512, 150.009412374007;
142.658010839517, 149.072603564793;
142.595458249371, 148.688915722615;
142.578925032537, 148.458897457027;
142.238344428237, 147.901959101166;
141.514221697169, 147.239383206406;
141.032352774781, 146.703707290149;
140.838169113039, 146.33825535552;
140.430941166371, 145.889706951098;
140.168500567407, 145.636626786659;
140.086927059484, 145.637226068885;
140.157675462703, 145.756974763374;
139.949045614493, 145.542439529787;
140.006243950134, 145.683776466677;
140.224972601899, 146.030818093409;
140.386830286441, 146.211875812545;
140.32726487428, 146.269487566456;
140.304550712566, 146.13424850388;
140.347920446923, 145.979622042057;
140.306355234623, 146.088630760397;
140.153345453863, 146.227514416606;
140.192368840836, 146.39710425053;
139.768654372347, 146.179792115378;
139.496548720665, 146.027600899562;
139.00222264132, 145.359579114307;
138.629279035917, 145.622408242841;
138.286567983079, 145.865960895583;
138.019115251537, 145.625877640051;
137.816660541135, 145.793470595962;
137.857167691282, 145.939073664125;
137.993153142069, 146.313528243131;
138.126205238435, 146.581965281898;
138.23544834585, 147.199616470007;
138.631481584179, 147.816939861415;
139.458180747038, 148.550228767599;
140.168714600947, 149.319931414625;
151.994216383587, 153.866082674472;
152.184446783067, 153.560039646132;
152.219670194467, 153.945472872115;
152.293622721288, 155.107535960983;
152.134357471343, 155.408119890114;
152.126520497714, 155.779020502789;
151.90263846085, 156.001325546715;
151.667512652583, 156.266585029011;
151.061528397783, 155.510057921058;
150.828039483747, 155.45530328328;
150.727824472441, 155.482966897223;
150.462185753056, 155.476907156263;
149.954775367479, 155.375983962986;
149.918817714978, 155.876532579983;
149.610019912977, 155.531545804367;
149.433020617375, 155.714948117957;
149.25071457309, 155.850834085575;
148.970891205037, 155.65237807583;
148.689971139758, 155.604475085516;
148.514633396087, 155.516198440062;
148.385177412936, 155.898453521605;
148.362655817851, 156.26384527573;
148.118449215208, 156.090617703565;
147.804550000028, 156.78702882192;
147.361353121648, 156.905073454443;
146.566328196186, 156.522078654644;
146.357863183534, 156.193105598965;
146.264414261454, 155.802871094843;
146.257867612396, 155.820499541897;
146.157693432747, 155.714995861292;
146.245892542851, 155.795708406008;
146.446403041541, 156.269220216075;
146.326826762661, 156.332180731901;
146.386098578772, 155.814328266751;
146.381352650024, 155.639815972468;
146.394514688809, 155.455394428268;
146.498210270816, 155.564878711438;
146.616713513672, 156.010443122366;
146.645805626603, 155.904970221341;
146.869200097442, 155.832203764422;
147.054664308095, 155.75757173017;
147.211972279931, 155.810201087913;
147.325412231965, 155.811476798401;
147.603096537849, 156.242436337893;
147.936777672324, 156.436988102672;
148.154128382658, 157.05671656948;
148.325755834656, 157.294239542781;
148.317192333237, 157.199606029449;
148.33984932202, 157.149475640277;
148.353450357616, 157.153101176326;
148.3598845817, 156.899974144685;
148.354584282406, 156.963643718454;
148.337096446333, 156.997266139148;
148.375039299563, 157.037343001761;
148.439315029087, 157.19604192603;
148.482109009915, 157.183406204741;
148.556820762548, 157.23329684447;
148.555338820156, 157.23693540851;
148.518388235354, 157.184120805321;
148.521234478762, 157.21651478621;
148.449018704795, 157.206121361712;
148.449385673473, 157.260960395087;
148.486605333351, 157.363752287716;
148.41106148043, 157.233990366238;
148.348259491778, 157.188315173551;
148.37860204133, 157.271186781744;
148.368491864062, 157.303231979625;
148.346352595576, 157.28088348085;
148.291070437128, 157.267137693683;
148.331369283221, 157.394694756667;
148.291582148002, 157.508521841698;
148.241279039801, 157.522891595896;
148.243659495033, 157.611243474874;
148.258618033205, 157.781622283676;
148.195591389518, 157.764306721837;
148.177183757183, 157.811092404788;
148.128156773312, 157.909636714238;
148.038065851629, 157.937954856513;
147.962570965498, 157.878943165191;
147.927372638568, 157.986540618638;
147.848421528854, 157.726633963698;
147.829001445612, 157.555413141307;
147.731710655816, 157.504716965029;
147.605155333574, 157.462979690207;
147.550765830456, 157.435984997595;
147.551545615467, 157.522439477325;
147.524156221209, 157.573910204607;
147.491396539972, 157.563974605726;
147.461293119363, 157.5172924936;
147.453694388858, 157.566650514231;
147.396669190631, 157.561294047769;
147.352400862414, 157.571853974226;
147.259105059683, 157.730194966352;
147.226454219206, 157.897574965176;
147.138299484806, 158.063355000666;
147.103471597514, 158.269981653333;
147.076865804479, 158.365340326818;
147.102547651291, 158.962796260065;
147.490478994846, 160.283043318706;
147.792645451931, 161.275473738974;
147.79366818497, 161.657888640024;
147.757905246657, 162.222943934991;
147.7473043292, 162.261448923724;
147.694616329209, 162.112683777129;
147.603320092464, 161.764060992281;
147.44627560454, 161.394232955039;
147.308062943397, 161.285175930548;
147.227421228454, 161.386006069331;
147.024070795365, 161.303657297827;
146.858505299433, 161.209270236816;
146.679659952842, 160.977293013032;
146.653663209965, 160.955868897102;
146.656528107, 161.019742569432;
146.638410396813, 160.982541980058;
146.598408269102, 161.090553344098;
146.540914660159, 161.126791280912;
146.506723027249, 161.161170005975;
146.444646614361, 161.377101388059;
146.380288458878, 161.503745887894;
146.194842566293, 161.282738403106;
145.949878329895, 160.918314169734;
145.890651121359, 160.259370097466;
146.086276135578, 160.260170085614;
146.11400308464, 159.533993500625;
146.058608357479, 158.309996712967;
145.454791657738, 154.757970956543;
145.675211973393, 153.715670526711;
145.635554537202, 153.464599678353;
145.160670709214, 152.899682768675;
144.783953155567, 152.534457644786;
144.569987987713, 152.27505417255;
144.490384880365, 152.322983540088;
144.529289488485, 152.526766520598;
144.28674001128, 152.974618129122;
144.295603835652, 153.607469928871;
144.18328686273, 153.620786241853;
144.118267554088, 154.521101554902;
143.852774096637, 154.56716726828;
143.67171376535, 154.553770762427;
143.725536768795, 154.79676553357;
143.739465004446, 155.047254283605;
143.734200429257, 155.324212368169;
143.792030099327, 156.052384775055;
143.998305829051, 157.551766101714;
144.110277490465, 158.683090678886;
144.167715598282, 159.83662384335;
144.076860348984, 160.323872583764;
143.912325830596, 160.570985221822;
143.442692604284, 160.752203907308;
142.55319910362, 160.134181723258;
142.141841860576, 159.84162642567;
141.667696815664, 159.582904577532;
141.385564081143, 159.666815846799;
141.268261795317, 159.610960591499;
141.00823826818, 159.413855290665;
140.807818852444, 159.211500984158;
140.753864552032, 158.975827752316;
140.76548143804, 158.355551952655;
140.957364277277, 158.001314083632;
141.199584744261, 157.193823310833;
141.514102372271, 155.79609895355;
141.667152712838, 154.364252881991;
141.783764419829, 153.407418062663;
142.085099636498, 152.376071935863;
142.077894014603, 151.975398857836;
142.016432092041, 151.843514482568;
142.021632258948, 151.903327017427;
141.96970513891, 151.789044274461;
141.93086504881, 151.854061872942;
141.890862328749, 151.880473837455;
141.906895226419, 151.889107652784;
141.838509948933, 152.120490500343;
141.733140850777, 152.206116265771;
141.534012739277, 152.381180331012;
141.309388452597, 153.166805544748;
141.207963068173, 153.50385138804;
141.24981362827, 153.560568239905;
141.25087348836, 153.501264328833;
141.25123117966, 153.422735384391;
141.307674096429, 153.306049055899;
141.953621553069, 153.042813009693;
142.930912564761, 152.555256341818;
144.345287856224, 153.997140729019;
144.733804158954, 154.444495633137;
144.824992882318, 154.683312416221;
144.941982705391, 154.937047922184;
145.033594842623, 155.102186757691;
145.118539006898, 155.380047435191;
145.207698426097, 155.721106486047;
145.436555426319, 156.184528320744;
145.487328684709, 156.328161104724;
145.439466354861, 156.448443437451;
145.394153537802, 156.548378754673;
145.020089257712, 156.454582370031;
144.562793435105, 156.066744698965;
144.341473136265, 157.230881135437;
144.052321234161, 158.310229242924;
143.565204756153, 158.213162518316;
143.036639114069, 158.061079813652;
142.533631634237, 158.076334994365;
