94.9632642543721, 99.6334700733032;
94.9769733764806, 99.5894681101765;
94.8084957434099, 99.3526877343145;
94.6405970074062, 99.2841895673835;
94.5216562299165, 99.2592976639629;
94.5126959655559, 99.0797779733996;
94.3505707479899, 99.2467024508258;
94.3699221883943, 99.8837538430297;
94.2477083456391, 99.4004368604619;
94.0399725027327, 100.109497050162;
93.8081833129431, 99.4840990675591;
93.8353515715285, 106.087679043948;
93.9419918653236, 99.845210344979;
93.8411250472749, 104.268651917536;
93.7038343173631, 99.4521289261887;
93.3957365955303, 99.3043217469406;
93.4125767888347, 99.1550120545372;
93.9823926875939, 98.8920057933473;
94.3182613312684, 99.260509913527;
94.5260500239657, 99.3718837999223;
94.4693222856274, 105.095153826741;
94.4015600730643, 99.6817584540934;
94.0688374159674, 99.3349475516653;
93.9068378074946, 99.2572525577289;
93.9205190517359, 99.1181518236548;
94.3185494376274, 98.8037255005722;
96.8569853893914, 100.064876852395;
97.831882949528, 93.0511518589456;
99.4867418086115, 86.6497254784727;
99.4037310433792, 86.5273189414754;
99.5926540290454, 87.3524210236219;
99.9304609763118, 87.6016129079666;
100.200826974637, 86.182464936787;
100.22132091293, 91.2431883847119;
100.163516224704, 88.5072256552644;
99.9115186415296, 92.8128472353573;
97.6101961282067, 97.0168212568359;
97.1203315561368, 102.086745494238;
96.5023504404775, 101.710453825633;
95.804894599516, 103.303719705138;
95.0743858966343, 100.95722755894;
94.2825427843218, 101.441785780727;
93.9326128729719, 100.564263084316;
93.8843510564014, 100.677978200533;
93.5540868572514, 100.533973989187;
93.3431045660867, 100.705634184743;
93.5761611357212, 100.798610304101;
93.9550071613123, 100.405920534573;
93.9998639854468, 99.7106557637238;
94.3793698705282, 102.626803110073;
95.0531439274268, 91.2123076815251;
96.7211722951776, 99.3116881626772;
100.078696635631, 90.8525410563036;
100.160424820163, 93.7383858968543;
99.941588068496, 91.2620973268059;
99.7680190583615, 90.4145250525389;
99.694926130216, 88.6377434566653;
99.8489015082909, 85.9925704406697;
99.2253442568785, 88.7403235556449;
95.8623642573732, 96.0312283545173;
95.1977745130881, 99.4029694199767;
93.9195674363697, 99.5744557333067;
93.4067766151465, 101.755613206075;
92.5069134045901, 101.448096874386;
92.3182623307343, 100.599256573109;
92.2626184010598, 101.270515724437;
92.4759059008602, 105.87539814879;
92.4122978263718, 97.4962374235838;
92.4663287422712, 94.749446448699;
92.0388489912645, 90.219411985228;
92.0238547218243, 89.5347366422673;
92.3538349048924, 95.7270665539786;
94.553618131986, 103.820638553006;
94.8784502684544, 110.871441882973;
93.2271440918787, 111.866964089785;
90.0198707541063, 110.073977316461;
80.5064911410143, 103.347238636488;
87.7307909828273, 107.577890989124;
89.9348421288909, 106.988143944381;
92.7171299001304, 107.761905948107;
94.2788054059795, 107.380423013924;
94.4253391955463, 103.968146409959;
93.7988860707264, 97.480890812166;
93.074383570512, 90.9744062388636;
92.7926497554969, 89.2731731572149;
92.5407385879281, 92.2043070290578;
92.5771509366991, 99.7948107738076;
93.1566695303594, 104.961797551173;
93.4370194173568, 109.687469525749;
93.1197668145429, 111.520441736289;
92.6193834910976, 110.641878642004;
91.3251869552221, 109.090975776243;
90.2231285235669, 108.251242139764;
90.0889345222983, 108.012769352662;
90.8117359134803, 106.103497119369;
92.0366538951808, 106.474239636468;
93.7541763072449, 106.170913349173;
94.2417182697931, 105.009988846867;
94.4875806234096, 105.562404636296;
94.5244540812645, 98.4161415974183;
93.9385584220924, 95.7366165957427;
93.5587143527354, 93.2406539360091;
93.7981727416456, 91.5429959596451;
94.0393384813275, 91.4157843772374;
94.2596900729246, 92.1505003823496;
94.6833441758737, 102.392260211684;
95.3860073619608, 108.297373645768;
95.6885471985357, 104.786578987594;
96.0007103804483, 107.571698975761;
95.9730014340659, 108.001913188015;
95.4089947305632, 110.746398425575;
94.5788487267934, 110.872172321926;
93.5056363238628, 109.11209373569;
93.2835894400979, 108.387588680638;
93.8074615979213, 106.501751181404;
94.9179571452081, 107.438322435388;
94.9735449232504, 106.776299678502;
93.475543960382, 108.302154632544;
91.5806093936727, 104.436752437735;
91.4476468915343, 103.865619106303;
92.364056627064, 104.816318974156;
94.8167822775874, 106.15051665644;
94.9618776041441, 105.730248529324;
93.5757121967362, 105.778327062816;
93.1930472648408, 105.424514964531;
93.7530851036955, 105.296195985672;
92.9761049580379, 108.192666485438;
92.4655830929656, 107.120975657112;
92.7877171531151, 107.712930218946;
92.7343632797361, 108.741021766957;
91.0823470554612, 107.443667558981;
90.954374990151, 108.070722362801;
91.1947384207935, 106.631118172087;
90.5407463695131, 108.214396684902;
89.9008379624236, 108.189407773046;
89.8918797199885, 106.851667939075;
90.9902517831493, 108.517434029183;
84.021285119404, 110.016992327136;
85.0702945150373, 111.774505485054;
87.7822267428998, 111.595753590868;
89.030200592354, 105.718411090673;
89.1033421423624, 100.842979890842;
88.86632036008, 99.3830803626301;
88.8690365754058, 97.6218128425502;
89.2300932702088, 96.3623805676272;
87.9743103561496, 90.6588715997509;
87.706771611666, 90.1133009722616;
88.9274691182661, 93.7368131907836;
88.7710600883103, 96.7117715895783;
86.9160509708989, 90.7715652993712;
89.2296519728882, 93.3427180544472;
91.0709190683615, 96.9663790482047;
88.2596174328539, 97.1820523015303;
86.6835175723604, 95.6128013049251;
90.9849067198896, 97.6963176492467;
89.9776320193915, 98.2892072551245;
85.5112829045614, 95.4065773567549;
86.1739166942231, 95.2529246968192;
86.9192334415635, 96.4549544365278;
85.2253343046882, 95.0714884825697;
85.6091579405241, 95.6971733281658;
86.4344232832057, 95.0479801377108;
85.1269479318999, 93.4063446420973;
85.6927914232824, 93.5717246396952;
87.9935785760928, 94.0373546488139;
84.7624868615361, 94.8963461473148;
87.5804423117912, 96.2813045712241;
88.6595174365207, 99.4163370571108;
88.3261700651894, 95.679292999544;
87.5070415374621, 95.6361670469038;
88.0394143657827, 95.4163970685458;
86.0983270061317, 94.9281914425532;
86.798639783914, 94.9666566495065;
88.0317240296427, 103.550891032442;
84.5432403746483, 94.4391896432951;
84.6135481909685, 92.2661172137002;
88.4711591054466, 101.999681502663;
88.9029220916134, 100.705831950777;
82.065617917601, 95.7498922398929;
82.1522237575155, 95.3621433122543;
82.2322425827522, 96.7867909997306;
77.9701673639107, 94.3346356406157;
76.5559723814818, 91.130472112075;
76.5753607046992, 89.8557124486092;
72.861582396241, 87.3311843053349;
62.3585908990259, 100.775345381844;
68.7725670256959, 104.305981290983;
73.8234587359682, 86.3425356038411;
77.2493491001766, 89.2803086143584;
80.275259824206, 91.2584942006008;
87.1010499929592, 94.0603812785344;
91.8002993075745, 96.7613785929416;
95.3981102920285, 97.9702547213655;
97.6594865478389, 103.28931623731;
98.0639123002192, 102.964098060838;
94.246240149983, 100.308852132673;
91.3558578958379, 96.2478581113476;
84.6014549178135, 93.1467987029681;
82.6617670289695, 92.8028698434312;
81.0658311409457, 92.7341524007513;
97.2324308564322, 105.119057576083;
97.0057563930485, 105.067086280231;
97.0350796455504, 104.705119687017;
96.6453228348257, 104.765314279941;
96.2264180808229, 104.304424112342;
95.7131676417781, 104.747616134662;
95.7482610053526, 104.720352154245;
95.665430810143, 104.959371420631;
94.9450970897651, 109.376572254226;
94.8298342381815, 106.022637030085;
96.337263546322, 106.101544720301;
98.7458707627711, 107.824641796646;
99.892607996526, 115.844252293413;
99.2345659359713, 107.111419659491;
96.0356593099589, 106.85690212403;
94.1573968784358, 106.665918598095;
92.034363631388, 105.915736987836;
91.5016183723541, 105.158710796697;
91.8957564470087, 101.539620668326;
93.3999573882122, 105.45925124228;
94.7858201302195, 105.204767640143;
95.2628527874262, 102.352636579063;
94.339479639756, 103.311289304784;
91.7898119492407, 102.625016289375;
91.2677185055666, 102.046472183526;
91.7893246993586, 102.775800645352;
93.5576378886188, 102.864032668814;
94.3813866118674, 102.865985600153;
92.3500994011435, 104.762323096068;
91.6760830325014, 103.402256880573;
93.1722484291414, 103.555241891645;
94.8537453941463, 104.545698309646;
95.034298296933, 105.785349379355;
94.3198627126529, 104.549483800291;
93.2042093871324, 103.154198799311;
93.2398741570853, 100.562118960317;
93.580719663838, 102.704100230779;
93.1248865439023, 102.878091413226;
91.7687123191332, 102.039804961146;
91.7994830672251, 101.794162622067;
93.1331497455705, 99.8492843042814;
93.124944631208, 103.386177127525;
91.9437455609604, 102.589139398889;
91.9355954973891, 102.319538351267;
92.3429608894317, 102.560208398184;
92.1299478358444, 101.764635501092;
91.9188580947582, 101.703306997909;
93.247787026439, 100.756806811402;
93.1272962211639, 104.250115479505;
91.9865336134215, 101.371323136993;
92.5710533963703, 102.7182893211;
93.6818667363717, 103.214984240611;
90.5395971714585, 99.3506212945877;
92.1190194639597, 101.512437005014;
94.749825207903, 103.359315381361;
93.2018433599898, 102.424745826993;
88.6383783112694, 95.7925080448018;
88.1589094208123, 99.5784810518294;
88.4043588175265, 96.5470639877858;
88.0807083821163, 95.7949662002926;
83.1844329332131, 92.1035523315592;
83.057958593125, 91.9651927858877;
82.3927058018242, 101.149952385208;
83.6078048498628, 101.741471833401;
83.7287259014628, 103.178286889025;
84.1145014081319, 102.922719501558;
86.4995755440212, 102.981449240232;
87.7024790379632, 102.942026250346;
87.0385194636955, 102.724413484337;
85.6032244554027, 102.688893435499;
87.370906203906, 100.788149374809;
87.9766313903487, 101.059240681962;
87.6662920476478, 102.506110741978;
87.4161810032841, 102.933916190579;
89.8710457135887, 98.2771899730856;
92.2867542024764, 96.4462686636901;
90.2715930925682, 93.6678778144911;
91.8023433476244, 94.9487692065069;
93.7745160167214, 95.6464850741568;
91.4958474161957, 93.5076809412337;
91.723078526903, 94.4649171059096;
94.0368939019396, 96.8033486810897;
91.7634079446058, 95.1480781998261;
90.8298589916011, 95.0609040533176;
97.0935268936895, 100.203933622523;
102.42788614324, 108.542030183865;
104.830561224265, 110.49230646641;
103.395854388442, 109.951837395698;
100.250786404704, 102.716575591429;
98.5676401933537, 101.271892416672;
95.2650297302042, 99.7401000416252;
93.5018739853674, 97.579724470471;
92.4764290297578, 96.4915097301435;
92.4998214134693, 96.5442406506183;
95.5670755957707, 98.9643210782894;
97.9020483852076, 100.175549950825;
98.1658352085753, 100.870547229554;
98.0401688735806, 100.822510901558;
97.9135894933099, 101.134524517215;
96.2758055805171, 104.970646603411;
93.8949021825543, 98.3830215518385;
93.1935332261152, 97.6246187409139;
92.6849288698894, 96.2357569127276;
91.527535358067, 98.939549487412;
89.2642615731545, 99.6118114071974;
89.9491062176754, 98.0179960210076;
92.1787843755403, 99.6647965279597;
93.7283620336813, 101.273673630512;
94.8019728393177, 104.896365793584;
95.9060555005607, 102.387116071747;
95.974817963895, 107.311490479892;
94.6523325619976, 106.388518405774;
93.073285072879, 101.011980390631;
92.4520839183957, 100.256730666626;
92.4964868726411, 100.372982361076;
90.8674153812582, 98.8688669146811;
90.3109283222813, 102.317243433162;
90.623051897833, 100.294465154044;
92.1266254489644, 101.487404389659;
96.6784636631921, 101.391234115793;
97.8845152842334, 102.688922580049;
96.0690963001211, 106.067559154695;
94.9112552023508, 103.224465073181;
94.0235846136726, 103.427561957267;
92.6714242442698, 101.179140583149;
91.3776317495812, 100.074918158197;
91.5492293051898, 106.072615936416;
93.4687696170052, 105.419965550195;
95.8853927983858, 100.906091581682;
97.2140171377448, 100.757290965581;
97.8767317763566, 101.357879679778;
98.1962714156948, 100.689799980039;
98.0411728056744, 100.378464496661;
97.2788151084047, 100.32002684513;
96.7208105113223, 99.9918649553708;
96.0193555732398, 99.7529413862991;
95.5583188853364, 99.7268231595789;
94.7127691013298, 98.6130274191037;
92.6764895415415, 99.4969399446558;
90.7686307139479, 97.465765298703;
90.7415575049352, 99.9783372460032;
93.2376730588877, 98.533158025082;
95.3468591912852, 99.9334230792035;
96.3990252956262, 101.230675081405;
96.1425807797063, 100.714068308424;
94.3184041968174, 100.056651534718;
92.4835540376984, 96.5891043967667;
91.4638725095806, 95.6082087407006;
88.5351687064295, 93.871179108943;
87.3577065374542, 93.1727380850658;
90.0199047031198, 94.9191713754871;
92.9895318361595, 97.78908704804;
95.6363766399872, 104.126234669479;
96.3732070150442, 101.259810390865;
98.2269526784504, 102.86881222562;
98.0356949145661, 103.419186841892;
97.3636151112129, 102.515368500015;
94.8446274078417, 100.553609463791;
93.5794378232773, 98.8840541061954;
93.0493806485494, 98.2868215777807;
93.4816193919577, 98.7171576006311;
94.974375650709, 99.8671173388791;
95.9583836608094, 100.202738250719;
95.6209901331748, 100.104629307667;
94.289431311312, 98.7942251834521;
92.1914614637584, 96.5492776295279;
91.693705146331, 96.3756048302067;
92.9725393424963, 97.9064429777622;
95.4339434556686, 101.026784809351;
97.5296845672618, 102.926512925179;
97.7048852411632, 103.148903400627;
96.0254173637309, 101.888749131436;
93.7511172788217, 98.9227823419236;
92.6778568343666, 97.706213182988;
92.4100210620368, 97.3031396759149;
91.4712420778431, 96.7895140165433;
90.4298613375826, 96.4570863251564;
89.1353912813862, 96.8139415561646;
85.7569878969744, 95.0342066195475;
84.2021949384557, 94.9036561540287;
81.1924966380615, 93.0033842027917;
78.453003036338, 91.8492232305247;
85.1156440633545, 95.4528814146351;
88.3780897916026, 97.7356525746308;
90.5439311088389, 98.1235506094746;
92.2397670152129, 99.7740950474166;
93.8189925026775, 100.072090784259;
93.9634060747258, 99.6220016838518;
93.4347571025861, 99.0313635841449;
91.9661254742736, 97.736889505548;
89.5202222197305, 96.1664267170431;
87.0448570170956, 94.5792458795156;
84.4096595022916, 93.9624277824154;
86.454488754329, 94.3543743962804;
89.0256222975017, 97.1682665566031;
90.1722149446304, 99.8724541490062;
92.4204848698675, 101.423675830937;
92.6469936426247, 103.121772195305;
92.8851727318304, 103.454092808247;
92.1205171794225, 102.351220981585;
99.0036991033776, 108.477807418966;
98.8821236753882, 103.760051077652;
98.6240068520539, 105.190550995447;
98.5764341252591, 110.238188379135;
98.8672378615685, 94.9461619376538;
98.8191169986192, 110.772078905054;
98.5761186497401, 103.029508309868;
98.7865089421874, 111.466567723819;
99.0315435146612, 104.882012612324;
98.8922315403491, 104.806818804164;
97.3727367706516, 103.955180170831;
96.0097423252821, 104.420438990507;
95.4312790054202, 103.673726576502;
95.0398384882462, 103.371744201202;
94.0348514826937, 103.646114239969;
94.4759413082715, 104.026859745498;
94.5317533461616, 104.14408143636;
95.9445440086295, 104.84550678392;
97.6818200078327, 104.621330810005;
100.645852261872, 104.033788356883;
100.191344725912, 105.742312631083;
101.983480262877, 106.059818553265;
103.802129085338, 109.575194867667;
104.744814439167, 113.418323413383;
103.033598181902, 105.206473481111;
100.076701087924, 103.828175886531;
95.693560455095, 104.809920015362;
94.038877186045, 104.559524349862;
92.8221678808384, 103.336986284151;
92.3993930225193, 102.906826625856;
92.5094528983866, 103.583063043391;
93.764848105498, 105.252229191035;
95.9530347827521, 106.586840453206;
97.8509523250858, 108.135963856869;
100.303963567264, 109.908036698801;
100.98434872993, 108.334158607911;
100.312828276884, 107.89582164002;
98.8814667935017, 107.133219867118;
96.7404506263149, 105.563867241382;
94.3822916762013, 104.49450847114;
92.9759156055838, 103.472128507465;
93.1614770520215, 103.680139954893;
93.6265737717201, 104.696504763859;
95.0630883168483, 106.005479470871;
97.213876112704, 114.11296709873;
100.626425436089, 107.976407433125;
101.30471762825, 116.626845807769;
102.548233879208, 111.785890663889;
104.049862320055, 113.209729698693;
104.178302259883, 112.798324492388;
103.777006077858, 113.156617390339;
102.125454716561, 109.709841746741;
101.174339530631, 108.170933904758;
100.082815097681, 106.349671756735;
97.5117733588019, 104.02181763408;
94.9358623103131, 102.10951970907;
92.0631168261028, 101.036018392165;
91.0701052153153, 100.138369147418;
91.0112916140734, 99.8338945024227;
94.9738382567005, 102.235653963356;
98.2476846026201, 103.795855681911;
100.291348571985, 104.477927775991;
104.206265548948, 106.94940268126;
105.592818554556, 106.095287087764;
105.213120497656, 105.426719101573;
103.047548748885, 105.681223252375;
99.7795893799417, 105.170662882701;
97.5030587209012, 103.4618567248;
92.3467843499055, 103.015758746835;
90.2283221203503, 103.932508766139;
88.9788200824245, 100.574042369459;
88.8985373554864, 102.305642751872;
91.8249854819415, 105.288346636201;
95.0371043325575, 106.739489756954;
96.6810473688216, 107.985840698611;
96.3033182043689, 108.854762717742;
94.9510048304417, 108.883008413813;
92.6516017361395, 106.469508914074;
90.6131244377403, 100.615187492857;
89.1439776134507, 99.8527573821299;
88.1041126034449, 100.352754583471;
86.307036418922, 102.584090752222;
88.6234500491788, 104.971185422141;
92.8591861486383, 108.642079891983;
94.7496792646822, 110.161114909142;
94.9827216051018, 110.039850807208;
95.5172126774102, 109.268942705506;
95.7464349679241, 109.770104551976;
96.8232450498498, 114.53138078608;
96.813210681304, 108.306572402458;
97.1879040733784, 106.343984904556;
97.4355857720349, 106.721274960852;
96.8640976570536, 105.166412816778;
96.182581248766, 104.823250735551;
94.9078083202987, 103.719166413006;
92.1084427407352, 100.947697996241;
88.9510243167837, 99.9664908434127;
84.8354981419747, 97.0728724119178;
84.7689227604609, 98.3178542742843;
83.5676063237206, 97.5918639212818;
87.23493962876, 101.203106751164;
90.8597948418138, 101.111272270232;
94.054481916672, 103.906658824938;
96.559925359678, 105.551353499676;
98.3009916746572, 106.856440916311;
98.7675992783578, 106.704986592296;
97.6068969575801, 105.766239110718;
96.2315188517324, 104.416809680762;
94.1623485691374, 102.045093367761;
89.5033437758921, 98.7606252427276;
91.1783065428525, 100.037406513896;
95.5774262484468, 102.607381206091;
97.83269733648, 103.490123754104;
98.7073864415251, 104.084126242353;
97.9135696392826, 103.902674311277;
97.2698312267529, 103.856849863625;
97.1879549336712, 103.912705084522;
97.4931720548475, 103.731684349665;
97.3320755755721, 103.740683987864;
97.443778484088, 104.223267902604;
96.616569927443, 105.034367060148;
94.2658900751639, 102.015054424916;
91.1325460651549, 106.835265006744;
90.13418875941, 102.144737608521;
89.0010220646059, 101.312340871478;
87.5001915594697, 99.8202115882238;
86.3591446511055, 104.573796248006;
86.1044466430372, 104.308297378502;
86.8502444633576, 100.889312816513;
88.8205745973999, 101.056097206475;
92.8012205405951, 100.051530846899;
96.5357272438434, 101.00870475462;
98.8732784719275, 102.207782307509;
99.9661873343206, 103.087072185803;
100.580200493933, 105.825078822043;
100.581277440427, 105.556976738799;
98.577423169639, 105.538423276926;
96.1355606046944, 104.680816021463;
94.4501340120508, 104.351578940185;
93.4542366767859, 103.829450137457;
93.5204640554148, 104.305123163803;
93.4895750563997, 104.421928935092;
93.2806740435073, 104.311873057865;
93.3203396653847, 103.821567833432;
93.4219837275645, 103.587566689031;
93.3230130648732, 103.470794281154;
93.4636240429218, 103.045756447634;
93.6279005795326, 108.623579545554;
93.6849685825378, 109.116167449891;
93.72323847927, 109.382887735993;
93.6107456396698, 102.619077907882;
92.9194819691415, 102.569546500618;
92.4633260489272, 102.106920716982;
92.09466342499, 102.275305659804;
91.8186882713415, 101.83759826117;
90.2972551510697, 100.532857484827;
90.0041428377668, 100.764580816531;
89.5816133167023, 108.329079936666;
87.2747268477448, 108.184441844275;
86.1881313907786, 107.276346801416;
85.8188281077331, 106.943187933736;
85.3348599764464, 101.796697937464;
85.240077772515, 102.109890301991;
85.3875398220383, 106.722215207606;
85.566611183447, 101.77478920991;
87.8477016496118, 102.940882858708;
89.7634311836167, 101.802123027591;
91.7489877266168, 99.4267516596174;
91.9208832796099, 98.0103065283842;
90.8609128419734, 96.4119173217175;
90.3422866185736, 99.3222081889164;
87.1116315670186, 95.3338307223155;
84.0006920568469, 93.4789525709794;
84.433837032761, 94.1128229672828;
85.6189283277566, 95.4121145841623;
88.3499393119927, 98.961219339986;
91.0703973201046, 102.184253577758;
91.9775424689958, 102.8502764452;
93.0361710071282, 103.508400270461;
94.0426221963003, 104.34784317201;
94.2731998378028, 104.398035085066;
93.2219245975132, 103.115593392189;
90.9917251059, 99.5510468673921;
89.126039421426, 99.7170653141146;
88.1713687111462, 99.3006400540037;
86.2329332194289, 99.2951019979771;
82.4361057061049, 96.7994056739357;
78.3995100015717, 95.316218276253;
76.9744886352348, 95.2807791079893;
76.5703975484029, 94.1664567601529;
76.7601129652655, 94.2686352062556;
83.3166638622441, 99.4598576720665;
84.9821857587972, 98.6359289178428;
87.4879810800462, 100.083169487359;
90.1328900448856, 101.385831575574;
91.3684439083216, 101.626618653306;
92.1695333121097, 101.879424741442;
92.4896306970287, 101.967754732661;
93.1356499353118, 102.090740948318;
94.1692046916232, 102.588265599215;
