101.401895794345, 106.212274526788;
101.369456250961, 106.223764015514;
101.805099936849, 102.039876094884;
101.853197384888, 106.505947858861;
101.869399641997, 106.641442090032;
101.343709282152, 106.194478947388;
101.664087688402, 106.623047695141;
101.654213438575, 106.738253945858;
101.414128352006, 106.483107003602;
101.245244387604, 101.236853038891;
101.486058052535, 106.279917990437;
101.456963670807, 106.416504624321;
101.673641829904, 106.583814255291;
101.79671657111, 106.790328298328;
101.84478609928, 106.731030395202;
101.875046817263, 106.751598639796;
101.766979852831, 101.822872085338;
101.690625830988, 106.646739146662;
101.914401495905, 106.825734299225;
101.997778776203, 102.069247165223;
101.620773220993, 106.402978266309;
101.78526648699, 106.66929283573;
102.01484323914, 106.829620238854;
102.188278062081, 102.301781405535;
102.083074709372, 106.990632044218;
102.308600307823, 107.1560136946;
101.99149165517, 107.198201873168;
101.603308347271, 106.918997733442;
101.778304830487, 102.187722178227;
101.758256333842, 102.456541156427;
101.415548564108, 106.179625265578;
101.840923377581, 107.384301276465;
101.262378946677, 106.039654157403;
101.006994472126, 105.963073612191;
100.820997434089, 105.800245093994;
100.88698558212, 105.879961606009;
100.719756764753, 105.725734135106;
100.645900136112, 105.686672571172;
100.910764458059, 105.919540216296;
100.852044364574, 105.93719957747;
100.719283163349, 105.842286276324;
100.746680646233, 105.860556061437;
100.858891783966, 105.989469243563;
101.017236559462, 106.176318708272;
100.832773246871, 105.947096395127;
100.886593350092, 106.039160561309;
100.959937728362, 105.996591595181;
100.914330048847, 105.961533644554;
100.897234223792, 105.901113202579;
100.820886682193, 105.756484797651;
100.625561085711, 105.534260927922;
100.655398597634, 105.517489854539;
100.444083029018, 105.375371530665;
100.491798277894, 105.444521242372;
100.899583599206, 105.962075200412;
100.828419114796, 105.986137924413;
100.865673232942, 105.970183002249;
101.028839580609, 106.079386158383;
100.863386292119, 105.834412459737;
100.796869391367, 105.766799870971;
100.675904617545, 105.620069616669;
100.833028328781, 105.743502374773;
100.642861574627, 105.509235273759;
100.563518492329, 105.466398290364;
100.662846208116, 105.759423791325;
100.508446204342, 105.640530345609;
100.392347073237, 105.543274016129;
100.308022529524, 105.455448112251;
100.034638010189, 105.210103710043;
99.952460846843, 105.14233049107;
100.104221370714, 105.283420769854;
100.161896785517, 105.29039926651;
100.454577013428, 105.547568755216;
100.637620369437, 105.810804452286;
100.422188117177, 105.558290189719;
100.388100004738, 105.622042251466;
100.637885379104, 105.889655859078;
100.722837621267, 105.929835530579;
100.845332496451, 106.131669797086;
100.721892023757, 105.985836044535;
100.635024467581, 106.120660180165;
100.588414718571, 106.265846466805;
100.532690640907, 106.205806137968;
100.487782570104, 106.113132454314;
100.197211085911, 105.724940079457;
100.163450477745, 105.653299653938;
100.139842516339, 105.492316147564;
100.354311177154, 105.581270005717;
100.361124822276, 105.553850364762;
100.003147677422, 105.156341906707;
100.035265291652, 105.257653081779;
100.017194057536, 105.223748924955;
99.9323439793178, 105.157568232411;
99.9831350309145, 105.20553055892;
100.010114534976, 105.192310585081;
99.9751064420476, 105.22319400018;
100.038840610884, 105.302110635877;
99.9447376865065, 105.286942825203;
99.9411468703422, 105.226016595347;
99.9843557112861, 105.191659369567;
100.138571038393, 105.390530343475;
100.141644987487, 105.517619257995;
100.024835887845, 105.4193510798;
99.9783889478968, 105.39039096391;
99.8188028322361, 105.393089217901;
99.8510462208265, 105.461533895146;
99.9273107557812, 105.615496860302;
99.9189834634314, 105.632467978332;
99.9866880476335, 105.734826222368;
100.023879307275, 105.824304058084;
99.9946019845268, 105.764051484405;
100.099249909439, 105.833668858488;
100.147412329226, 105.885068322646;
99.9993110982327, 105.813135712833;
99.7168028691271, 105.656796804216;
99.6890867885163, 105.713477570745;
99.469756215088, 105.638939411814;
99.4023342087324, 105.701657485574;
99.1935094597339, 105.65467100171;
98.9674515057405, 105.515383175226;
98.9042707092566, 105.467947664713;
98.8314694341262, 105.417158198321;
98.7524258914377, 105.356938420366;
98.6254446960631, 105.245265105352;
98.4416432180719, 105.143837316868;
98.4328436915386, 105.189383220756;
98.4809771300269, 105.314519124292;
98.6514025872656, 105.526720693204;
98.6508212809064, 105.60888104096;
98.765963365986, 105.713910250963;
98.7442202646891, 105.658013980615;
98.7552480763341, 105.724485452799;
98.7898276099708, 105.778485521781;
98.7429584505311, 105.721937822555;
98.7491448886419, 105.706714134315;
98.7130160442186, 105.634399276837;
98.6596749384513, 105.56522143338;
98.6894283569718, 105.617494242714;
98.6360401926479, 105.583586460318;
98.5619428896916, 105.606789267382;
98.6107058789587, 105.609838994299;
98.0960651390345, 104.978523657887;
97.3500546146153, 104.878649962029;
97.1353971644241, 104.89452144951;
96.8039337533268, 104.692862092447;
96.7292703572974, 104.688517675185;
96.5482255976666, 104.045781878448;
96.3644086336562, 103.720278549063;
96.1910372837576, 103.504776587459;
96.0909103816435, 103.438073066856;
96.2656287833396, 103.734342449129;
96.0355107414856, 103.925632405652;
95.885964670487, 103.830861589336;
95.8722745245895, 103.815030613931;
95.7988353385424, 103.747053897351;
95.7737940486589, 103.679198937185;
95.5236935128873, 103.29775329892;
95.3374888584627, 103.296606537639;
95.2167391532104, 103.315928777686;
95.0928411629967, 103.223419667477;
94.982151935451, 103.161316832727;
94.7477605042468, 103.129500508825;
94.7547404502068, 103.085390842459;
94.7760753557295, 103.067287393822;
94.7230555795964, 103.099710335695;
94.7122645917343, 103.067422657394;
94.6531798240373, 103.262476290193;
94.6667089003242, 103.348374723349;
94.658874666645, 103.350368653641;
94.4097292214301, 103.473606447433;
94.5486906259788, 103.642311060282;
94.8929683060618, 104.005224143428;
94.6766497210006, 103.977487875172;
94.5219403029501, 104.003634934805;
94.3517838073444, 103.993012966925;
93.775686597187, 103.70897123587;
93.4481637580378, 103.390622270098;
93.5273742092713, 103.22789667702;
93.7611357657415, 103.344783174557;
93.7360302887145, 103.229704489739;
93.48519780289, 103.189597888292;
93.3292369879973, 103.025339534155;
93.0090919885257, 102.754279255092;
92.9157282774677, 102.810763776376;
92.8479205746304, 102.645321022077;
92.8522572794564, 102.648831943953;
92.9177892703571, 102.744223980375;
92.998931773103, 102.903132110373;
92.8976308026213, 102.849787704482;
93.0266039345976, 103.148348621888;
93.0086420116369, 103.356403875663;
92.7739031802939, 103.116886963199;
92.6848417538952, 103.223594290187;
92.671129216535, 103.288653631187;
92.6433694754504, 103.192635293301;
92.7927751116688, 103.194553155864;
92.8404560715213, 103.303164409778;
92.830456312549, 103.242347559063;
92.9241631158497, 103.192111285521;
92.9736833655605, 103.20785418214;
101.319001354181, 104.079351224022;
101.006215503044, 104.154148136923;
100.478924254015, 103.768945293894;
100.129039410698, 103.466709218017;
99.8703626622063, 103.10241033858;
99.8873989258777, 103.029438889445;
99.8028756511677, 102.690999388431;
99.7034846180706, 102.421087591186;
99.6927462288156, 102.575145038847;
99.5224554518683, 102.371525380178;
99.4137382616547, 102.403031207567;
99.2168537666241, 102.338638295053;
98.9537923085813, 102.144042016335;
99.0485824307787, 102.376709099698;
99.0395864274588, 102.359934008239;
99.0756921462656, 102.322967743525;
99.2594842533518, 102.40036521996;
99.4059850465093, 102.150156979352;
99.4945892314723, 101.711435228027;
99.6573706549795, 101.550530996535;
99.6953976513353, 101.253768936766;
99.7793179670481, 100.897277652014;
99.7976558572736, 100.812146450796;
99.716984904012, 100.850136816824;
99.5244845431504, 100.900745974731;
99.3367196241614, 101.009929484271;
99.2969361932181, 101.018626267986;
99.2662213018338, 100.96221533157;
99.2025600208856, 101.005167974663;
99.1421934838037, 101.035305508843;
99.2127357632964, 101.139840945258;
99.1711285528598, 101.258769192082;
99.1574368318901, 101.328408746886;
99.0485477636355, 101.422461634952;
99.0327109439135, 101.508446614737;
98.9252100545856, 101.465484600894;
98.9117009134942, 101.474793580209;
98.9078769506553, 101.554834473454;
98.8802158958472, 101.557885777643;
98.9056646561485, 101.584994816643;
98.8474207572798, 101.661050654548;
98.881605652372, 101.666704202659;
98.9132433477505, 101.758824484422;
98.9150109185401, 101.749786564448;
98.8219863151105, 101.722018339837;
98.8173104550053, 101.847372653791;
98.7736434986004, 101.967861704415;
98.8030552488953, 102.05990984073;
98.7063479821044, 102.153644130544;
98.7496584359999, 102.181819692618;
98.806491936413, 102.248758672453;
98.762548569232, 102.269856248629;
98.7964016185966, 102.360596132398;
98.6755190581956, 102.372115635331;
98.7308570582082, 102.337243601085;
98.7852774573878, 102.265531074864;
98.8302989130744, 102.14388630799;
98.9239626056325, 102.155003408608;
99.2050812808698, 102.202344913076;
99.2110331190813, 102.19457703381;
99.2469157547506, 102.404880654262;
99.1916454590299, 102.379119149155;
99.0193145570618, 102.361459858629;
98.9843623958817, 102.323009552177;
99.0209288116537, 102.365274488209;
98.9642000315129, 102.339531505234;
99.0073745192785, 102.352050043864;
98.9482703004961, 102.385821414302;
98.9739525998474, 102.490934264783;
99.1314492220253, 102.56603802628;
99.1368861212205, 102.584239610432;
99.147953961431, 102.53362861214;
99.1931574182671, 102.541446223508;
99.1923232756513, 102.6802222705;
99.1586067295886, 102.59243358001;
99.1519245986325, 102.580225530963;
99.1745181253497, 102.524358856293;
99.1953802922749, 102.592483117717;
99.2033188251572, 102.649673418855;
99.2479920437625, 102.614207771215;
99.2965432643337, 102.690689488908;
99.2017375596708, 102.68827235643;
99.1889089514856, 102.774756275998;
99.1336859140963, 102.86752952302;
99.0999790155799, 102.913779998605;
99.1047746368561, 102.903816233179;
99.1156133697448, 102.914047205511;
99.1322440626818, 102.826193621249;
99.3049976397753, 102.9520279175;
99.2859362234576, 102.90362783832;
99.166558201208, 102.831570718738;
99.1134803924024, 102.85738677945;
99.074016281401, 102.878427863558;
99.0756685833184, 102.843308550174;
99.0394616340143, 102.875912752873;
99.0566662376168, 103.050685643817;
99.12288448541, 103.062605956596;
98.9179561034668, 102.994774038326;
99.0917226436246, 102.880637464809;
99.3357697120475, 102.933441931127;
99.4083036775172, 102.758074962577;
99.5480082589983, 102.663195911967;
99.3869222121041, 102.518353863939;
99.1038377287252, 102.411192800528;
98.4028893213476, 102.086660214233;
97.964474742151, 102.317859965764;
97.8320013512316, 102.933819943276;
97.4653658379087, 102.819664336695;
97.2509834471872, 102.766960692829;
97.0550292082878, 102.676578031662;
96.9781751892864, 102.729278719037;
96.82955977431, 102.712949913689;
96.7287666465781, 102.565591681128;
96.6850388882283, 102.536826937418;
96.6703196017456, 102.451931102308;
96.6476864948201, 102.439190973272;
96.6691247216303, 102.347839931489;
96.6831379649781, 102.214307263735;
96.728496908596, 102.171080208386;
96.6855719327477, 102.132357575896;
96.6216599926473, 102.082256390443;
96.6070356811079, 102.043748635623;
96.6607667515679, 101.895267676921;
96.689092510286, 101.835239553665;
96.7638905673753, 101.701368589823;
96.8279556004903, 101.475603426143;
96.8911542794414, 101.342337174216;
96.911941641281, 101.328505582755;
96.887878631607, 101.389718644181;
96.8381993373615, 101.499540437447;
96.7098450170081, 101.575065796183;
96.5198845838014, 101.477494291826;
96.4829457543546, 101.591109557882;
96.419286236846, 101.592382037387;
96.2873470529896, 101.642074332447;
96.1977586438792, 101.6805879658;
96.0293356602538, 101.72521430892;
96.0549873690879, 101.692081045219;
96.0152456856897, 101.655677013772;
95.920962469167, 101.580634735276;
95.8002507866822, 101.563863142986;
95.7006095468094, 101.499789305324;
95.5631941656029, 101.508615705657;
95.485454591463, 101.545718348747;
95.3873325235979, 101.541373998737;
95.3864727976666, 101.594877516198;
95.4161798863484, 101.64287974839;
95.4543454899632, 101.661948851597;
95.4881352087473, 101.670207979223;
95.4876550716261, 101.661116855177;
95.530166323666, 101.7292367337;
95.5203471386398, 101.541538471238;
95.5850856581056, 101.641633713627;
95.6094083740386, 101.593100101306;
95.4793551255636, 101.754859138688;
95.521710886597, 101.945282808913;
95.5864119703214, 102.019731510222;
95.5768502190263, 102.174716051766;
95.5736783986216, 102.00879005627;
95.5856360478763, 101.913024643419;
95.6477574312609, 101.957350897254;
95.65135475083, 101.962666267162;
95.601638898608, 102.103146286428;
95.5641764705107, 102.25432279607;
95.521734122266, 102.199694601731;
95.5124143028687, 102.154566976435;
95.4344089780908, 102.090441684189;
95.3395779095776, 102.002228686634;
95.3138713313463, 101.91117399433;
95.3030509085308, 101.928027939846;
95.3663657161555, 101.977190073421;
95.3758126666005, 102.004196615582;
95.3859832818649, 102.004734831694;
95.3856461145111, 101.984505068068;
95.3445009672144, 102.036641694208;
95.3611210222813, 102.129215651352;
95.3131191993929, 102.099495973392;
95.3156131720793, 102.029789772016;
95.2902618624129, 101.989332470431;
95.2567771147624, 102.018422695744;
95.2641294687936, 102.089494084593;
95.1536814071978, 102.050991122862;
95.0443256644378, 101.988543646299;
94.8382611071976, 101.900024458543;
94.7719868374429, 101.830029233032;
94.7229150129738, 101.81597398508;
94.7113841602995, 101.841673389281;
94.9695251538384, 102.07274931888;
95.0573288169606, 102.128480217684;
94.9445216999201, 102.143002902428;
94.5801800879398, 102.189746319927;
94.086097206423, 101.885132554311;
93.6957470230607, 101.721566207568;
93.4659483496555, 101.705479551662;
93.3442024476539, 101.757558182936;
93.1591155160051, 101.587632287425;
93.0531726027261, 101.46372667712;
93.264524491238, 101.549733644099;
93.4443313611451, 101.273169594587;
93.5588048293213, 101.200559761125;
102.9372444567, 91.291885749788;
104.26156855001, 98.2673078874181;
107.781069569085, 113.792886935407;
108.315317328204, 115.324428420744;
106.379105985048, 111.600200831828;
105.067325614949, 100.100186830028;
104.760291304892, 104.36769020348;
104.504537165584, 105.101965158528;
104.380027800166, 104.749743331915;
104.417846141642, 104.554986191963;
104.39909892242, 98.8674467462139;
104.2612145622, 103.279584137037;
104.138455807546, 103.106647336378;
103.890304557111, 102.846671638817;
103.901859634395, 102.737826187988;
103.667281404432, 102.430001087376;
103.583378126745, 102.047277884133;
103.508532619921, 96.8282785758694;
103.514469899817, 100.956808998387;
103.479466534403, 101.261497117565;
103.382391892198, 101.081162118025;
103.216708047997, 100.791708077254;
103.185019593266, 100.494812175853;
103.161980080584, 100.409202884819;
103.206007863906, 100.468152557492;
103.19244582047, 100.554008169773;
103.036969030114, 100.477623741001;
102.952732535594, 100.571611377471;
102.935616809933, 100.731055522622;
102.895644161461, 100.701949157888;
102.921342736407, 100.645602059436;
103.061626122435, 100.0336356882;
103.205740350931, 99.7862096294509;
103.262967181671, 100.714701364974;
103.156482939636, 100.639196542505;
103.030977608194, 100.562891806277;
102.939979532547, 100.638953295136;
102.933332105196, 100.641982547509;
103.081969182258, 100.499374919787;
103.199803340715, 99.9079610968754;
103.277231376428, 95.9021921922644;
103.250905135471, 95.7298710505211;
103.325506928496, 100.125263025574;
103.266873295928, 100.759110088839;
103.183912668712, 100.661114701625;
103.105406448311, 95.9929702533128;
102.926588006443, 100.57620371786;
102.531305348573, 100.376256711115;
102.324615227454, 100.37666873937;
102.0527546006, 100.823965596696;
101.910382684912, 100.906964798656;
101.8038919161, 100.649990388227;
101.770853248545, 100.594143205317;
101.822875379412, 100.530833570372;
101.80398925072, 100.489333581853;
102.007833626343, 99.8478160508053;
101.992263726775, 99.9484837612278;
101.955388163441, 100.451525807601;
101.788619211683, 100.358006571922;
101.616252762039, 100.47741988479;
102.011045605557, 96.3088041932608;
102.00331215849, 96.2303338429271;
102.1336230016, 100.852879472475;
102.201626760181, 96.1173648165658;
102.324560503721, 96.1785840961979;
102.249761716344, 96.1124743857083;
102.297279146361, 96.3809274437592;
102.1964896547, 101.020154309961;
102.19877795107, 101.233504729303;
102.00292319793, 101.051547634202;
101.847233396991, 100.935515747814;
101.861619798551, 100.382595851541;
101.864747387319, 99.989254886657;
101.964108015121, 95.7987825609353;
101.718469009884, 99.3414839919221;
101.606227907165, 99.281733601346;
101.605087167287, 99.6314953658536;
101.518540255132, 95.8199701938893;
101.515012946515, 94.991851849525;
101.553741540017, 99.2390707588985;
101.580729730042, 99.335391179152;
101.626391512857, 95.093679099536;
101.428385296349, 99.3835059975813;
101.29781908247, 99.7358232429754;
101.287856410701, 99.7355128921936;
101.209446259732, 99.6613594386851;
101.254265313614, 99.689624382927;
101.255195195508, 99.8198859147204;
101.216530608466, 99.9094067824574;
101.277761756084, 99.9043908403125;
101.265852442785, 100.063512288337;
101.147948050974, 99.9015262729554;
101.276128259337, 100.128424578926;
101.346408122724, 95.6321703314722;
101.281891722358, 96.0587181300702;
101.112186069842, 100.60496959143;
101.009146891475, 100.458485253104;
100.753686209456, 100.219662612822;
100.594137684604, 100.470263288646;
100.39443829219, 95.7153182315125;
100.337482388498, 100.425359849354;
100.693508198022, 100.481921317948;
100.907818481746, 95.3907119175515;
101.055391210592, 95.4995216619007;
101.098238761096, 95.8284588336787;
101.104592745559, 100.312026594593;
101.001372667915, 100.242730271412;
100.924544796857, 100.210764600436;
100.791973025655, 100.113812812364;
100.717012916443, 100.212771105863;
100.681412580301, 100.14064757782;
100.372013298697, 100.112080525292;
100.247604127161, 100.208005833738;
100.335338974901, 100.223548979048;
100.258988187528, 100.221808972725;
100.202616775354, 100.267852729787;
100.153547992551, 100.397922658632;
100.22419299209, 100.548357828354;
100.293063663395, 100.707146355834;
100.439592854971, 100.100677264679;
100.388372089548, 100.135203144969;
100.272368087114, 100.376870909808;
100.21139395813, 100.373208231306;
100.198328439111, 100.287992189076;
100.271480925348, 99.6944131394633;
100.386696685669, 99.926091913232;
100.509070411317, 100.152623603007;
100.613259015573, 100.191045267962;
100.493568100521, 100.138124819257;
100.43227537591, 100.174576960832;
100.326276293822, 100.010517208045;
100.214513645133, 99.9349938262888;
100.023597812905, 99.814077884353;
99.9517264690303, 99.7668494233058;
100.009692403752, 99.8603108346764;
99.9905407090587, 99.9574386244521;
99.9931348091569, 100.270658847943;
99.9347967959233, 100.476815958313;
99.9476390364364, 100.418475609928;
99.919828402141, 100.574136070188;
99.9235258772131, 100.461117142047;
99.9068671578383, 100.42512651087;
99.9507523812938, 100.312599249237;
99.9893633734472, 100.24936377246;
100.026187349867, 100.122574339362;
100.254859281533, 100.440709525248;
100.143813675511, 100.822491334064;
99.9281386014601, 99.6539452742124;
100.055000038229, 100.235939302758;
100.0565662984, 99.8695905375881;
99.620865737768, 100.127209874952;
99.4580021831001, 100.353959858357;
99.3110528452116, 100.204324663211;
98.260236484585, 100.160869326694;
97.4831179817173, 100.201303867227;
97.3745044282656, 100.049402542303;
97.3971298837659, 100.004686469996;
97.3503797514327, 100.214156700455;
96.1920758436429, 99.5177459088957;
95.9132998878793, 99.4663020220444;
96.6050055486896, 99.7920872226815;
96.7210356128231, 99.922009479165;
96.7778130326679, 99.8981006515431;
96.8294502661645, 99.4720572809195;
97.06844706503, 99.0842204188214;
97.0829271001704, 98.9745451324918;
97.2613326284058, 98.9998776102302;
97.540779411319, 99.4802958210874;
97.927533273491, 99.863179475333;
97.9922799614431, 99.8388260001745;
98.0692483581428, 100.133190224527;
98.0225784045914, 100.19501572371;
97.9172420669993, 100.328884331391;
97.8885200801493, 100.433171940782;
97.9033135215721, 100.633658980874;
98.2829123258069, 100.355698832258;
98.4976221919623, 99.1222140930494;
98.769859733591, 98.9793555866629;
98.8737940308358, 99.0458262073445;
98.7399217541004, 99.1553720411429;
98.6019198411812, 99.1213412659546;
98.531467319174, 99.3129722111158;
98.4541788539084, 99.2887764903328;
98.4678573087798, 99.4038964478622;
98.6834327001562, 99.2541995588418;
99.1058125591186, 99.0684862104473;
99.1321789697969, 98.6617580743576;
98.9463357567284, 98.6999756087325;
98.6447050222778, 99.642500372295;
98.027583640075, 99.4392547269837;
94.9430314783421, 99.2870677843322;
94.8363573397111, 99.7095466575517;
95.6460854473676, 100.277966233152;
94.4845573489334, 99.0684316303133;
92.2248193792401, 96.6781974600837;
91.7170182912233, 97.5622085060336;
91.2970869953963, 97.7654811224509;
90.9039004327094, 97.6132489213834;
90.8332467161333, 97.5881027776973;
90.8483852697834, 97.5664123507826;
