94.9632642543721, 99.6334700733032;
94.9769733764806, 99.5894681101765;
94.8084957434099, 99.3526877343145;
94.6405970074062, 99.2841895673835;
94.5216562299165, 99.2592976639629;
94.5126959655559, 99.0797779733996;
94.3505707479899, 99.2467024508258;
94.3699221883943, 99.8837538430297;
94.2477083456391, 99.4004368604619;
94.0399725027327, 100.109497050162;
93.8081833129431, 99.4840990675591;
93.8353515715285, 106.087679043948;
93.9419918653236, 99.845210344979;
93.8411250472749, 104.268651917536;
93.7038343173631, 99.4521289261887;
93.3957365955303, 99.3043217469406;
93.4125767888347, 99.1550120545372;
93.9823926875939, 98.8920057933473;
94.3182613312684, 99.260509913527;
94.5260500239657, 99.3718837999223;
94.4693222856274, 105.095153826741;
94.4015600730643, 99.6817584540934;
94.0688374159674, 99.3349475516653;
93.9068378074946, 99.2572525577289;
93.9205190517359, 99.1181518236548;
94.3185494376274, 98.8037255005722;
96.8569853893914, 100.064876852395;
97.831882949528, 93.0511518589456;
99.4867418086115, 86.6497254784727;
99.4037310433792, 86.5273189414754;
99.5926540290454, 87.3524210236219;
99.9304609763118, 87.6016129079666;
100.200826974637, 86.182464936787;
100.22132091293, 91.2431883847119;
100.163516224704, 88.5072256552644;
99.9115186415296, 92.8128472353573;
97.6101961282067, 97.0168212568359;
97.1203315561368, 102.086745494238;
96.5023504404775, 101.710453825633;
95.804894599516, 103.303719705138;
95.0743858966343, 100.95722755894;
94.2825427843218, 101.441785780727;
93.9326128729719, 100.564263084316;
93.8843510564014, 100.677978200533;
93.5540868572514, 100.533973989187;
93.3431045660867, 100.705634184743;
93.5761611357212, 100.798610304101;
93.9550071613123, 100.405920534573;
93.9998639854468, 99.7106557637238;
94.3793698705282, 102.626803110073;
95.0531439274268, 91.2123076815251;
96.7211722951776, 99.3116881626772;
100.078696635631, 90.8525410563036;
100.160424820163, 93.7383858968543;
99.941588068496, 91.2620973268059;
99.7680190583615, 90.4145250525389;
99.694926130216, 88.6377434566653;
99.8489015082909, 85.9925704406697;
99.2253442568785, 88.7403235556449;
95.8623642573732, 96.0312283545173;
95.1977745130881, 99.4029694199767;
93.9195674363697, 99.5744557333067;
93.4067766151465, 101.755613206075;
92.5069134045901, 101.448096874386;
92.3182623307343, 100.599256573109;
92.2626184010598, 101.270515724437;
92.4759059008602, 105.87539814879;
92.4122978263718, 97.4962374235838;
92.4663287422712, 94.749446448699;
92.0388489912645, 90.219411985228;
92.0238547218243, 89.5347366422673;
92.3538349048924, 95.7270665539786;
94.553618131986, 103.820638553006;
94.8784502684544, 110.871441882973;
93.2271440918787, 111.866964089785;
90.0198707541063, 110.073977316461;
80.5064911410143, 103.347238636488;
87.7307909828273, 107.577890989124;
89.9348421288909, 106.988143944381;
92.7171299001304, 107.761905948107;
94.2788054059795, 107.380423013924;
94.4253391955463, 103.968146409959;
93.7988860707264, 97.480890812166;
93.074383570512, 90.9744062388636;
92.7926497554969, 89.2731731572149;
92.5407385879281, 92.2043070290578;
92.5771509366991, 99.7948107738076;
93.1566695303594, 104.961797551173;
93.4370194173568, 109.687469525749;
93.1197668145429, 111.520441736289;
92.6193834910976, 110.641878642004;
91.3251869552221, 109.090975776243;
90.2231285235669, 108.251242139764;
90.0889345222983, 108.012769352662;
90.8117359134803, 106.103497119369;
92.0366538951808, 106.474239636468;
93.7541763072449, 106.170913349173;
94.2417182697931, 105.009988846867;
94.4875806234096, 105.562404636296;
94.5244540812645, 98.4161415974183;
93.9385584220924, 95.7366165957427;
93.5587143527354, 93.2406539360091;
93.7981727416456, 91.5429959596451;
94.0393384813275, 91.4157843772374;
94.2596900729246, 92.1505003823496;
94.6833441758737, 102.392260211684;
95.3860073619608, 108.297373645768;
95.6885471985357, 104.786578987594;
96.0007103804483, 107.571698975761;
95.9730014340659, 108.001913188015;
95.4089947305632, 110.746398425575;
94.5788487267934, 110.872172321926;
93.5056363238628, 109.11209373569;
93.2835894400979, 108.387588680638;
93.8074615979213, 106.501751181404;
94.9179571452081, 107.438322435388;
94.9735449232504, 106.776299678502;
93.475543960382, 108.302154632544;
91.5806093936727, 104.436752437735;
91.4476468915343, 103.865619106303;
92.364056627064, 104.816318974156;
94.8167822775874, 106.15051665644;
94.9618776041441, 105.730248529324;
93.5757121967362, 105.778327062816;
93.1930472648408, 105.424514964531;
93.7530851036955, 105.296195985672;
92.9761049580379, 108.192666485438;
92.4655830929656, 107.120975657112;
92.7877171531151, 107.712930218946;
92.7343632797361, 108.741021766957;
91.0823470554612, 107.443667558981;
90.954374990151, 108.070722362801;
91.1947384207935, 106.631118172087;
90.5407463695131, 108.214396684902;
89.9008379624236, 108.189407773046;
89.8918797199885, 106.851667939075;
90.9902517831493, 108.517434029183;
84.021285119404, 110.016992327136;
85.0702945150373, 111.774505485054;
87.7822267428998, 111.595753590868;
89.030200592354, 105.718411090673;
89.1033421423624, 100.842979890842;
88.86632036008, 99.3830803626301;
88.8690365754058, 97.6218128425502;
89.2300932702088, 96.3623805676272;
87.9743103561496, 90.6588715997509;
87.706771611666, 90.1133009722616;
88.9274691182661, 93.7368131907836;
88.7710600883103, 96.7117715895783;
86.9160509708989, 90.7715652993712;
89.2296519728882, 93.3427180544472;
91.0709190683615, 96.9663790482047;
88.2596174328539, 97.1820523015303;
86.6835175723604, 95.6128013049251;
90.9849067198896, 97.6963176492467;
89.9776320193915, 98.2892072551245;
85.5112829045614, 95.4065773567549;
86.1739166942231, 95.2529246968192;
86.9192334415635, 96.4549544365278;
85.2253343046882, 95.0714884825697;
85.6091579405241, 95.6971733281658;
86.4344232832057, 95.0479801377108;
85.1269479318999, 93.4063446420973;
85.6927914232824, 93.5717246396952;
87.9935785760928, 94.0373546488139;
84.7624868615361, 94.8963461473148;
87.5804423117912, 96.2813045712241;
88.6595174365207, 99.4163370571108;
88.3261700651894, 95.679292999544;
87.5070415374621, 95.6361670469038;
88.0394143657827, 95.4163970685458;
86.0983270061317, 94.9281914425532;
86.798639783914, 94.9666566495065;
88.0317240296427, 103.550891032442;
84.5432403746483, 94.4391896432951;
84.6135481909685, 92.2661172137002;
88.4711591054466, 101.999681502663;
88.9029220916134, 100.705831950777;
82.065617917601, 95.7498922398929;
82.1522237575155, 95.3621433122543;
82.2322425827522, 96.7867909997306;
77.9701673639107, 94.3346356406157;
76.5559723814818, 91.130472112075;
76.5753607046992, 89.8557124486092;
72.861582396241, 87.3311843053349;
62.3585908990259, 100.775345381844;
68.7725670256959, 104.305981290983;
73.8234587359682, 86.3425356038411;
77.2493491001766, 89.2803086143584;
80.275259824206, 91.2584942006008;
87.1010499929592, 94.0603812785344;
91.8002993075745, 96.7613785929416;
95.3981102920285, 97.9702547213655;
97.6594865478389, 103.28931623731;
98.0639123002192, 102.964098060838;
94.246240149983, 100.308852132673;
91.3558578958379, 96.2478581113476;
84.6014549178135, 93.1467987029681;
82.6617670289695, 92.8028698434312;
81.0658311409457, 92.7341524007513;
97.2324308564322, 105.119057576083;
97.0057563930485, 105.067086280231;
97.0350796455504, 104.705119687017;
96.6453228348257, 104.765314279941;
96.2264180808229, 104.304424112342;
95.7131676417781, 104.747616134662;
95.7482610053526, 104.720352154245;
95.665430810143, 104.959371420631;
94.9450970897651, 109.376572254226;
94.8298342381815, 106.022637030085;
96.337263546322, 106.101544720301;
98.7458707627711, 107.824641796646;
99.892607996526, 115.844252293413;
99.2345659359713, 107.111419659491;
96.0356593099589, 106.85690212403;
94.1573968784358, 106.665918598095;
92.034363631388, 105.915736987836;
91.5016183723541, 105.158710796697;
91.8957564470087, 101.539620668326;
93.3999573882122, 105.45925124228;
94.7858201302195, 105.204767640143;
95.2628527874262, 102.352636579063;
94.339479639756, 103.311289304784;
91.7898119492407, 102.625016289375;
91.2677185055666, 102.046472183526;
91.7893246993586, 102.775800645352;
93.5576378886188, 102.864032668814;
94.3813866118674, 102.865985600153;
92.3500994011435, 104.762323096068;
91.6760830325014, 103.402256880573;
93.1722484291414, 103.555241891645;
94.8537453941463, 104.545698309646;
95.034298296933, 105.785349379355;
94.3198627126529, 104.549483800291;
93.2042093871324, 103.154198799311;
93.2398741570853, 100.562118960317;
93.580719663838, 102.704100230779;
93.1248865439023, 102.878091413226;
91.7687123191332, 102.039804961146;
91.7994830672251, 101.794162622067;
93.1331497455705, 99.8492843042814;
93.124944631208, 103.386177127525;
91.9437455609604, 102.589139398889;
91.9355954973891, 102.319538351267;
92.3429608894317, 102.560208398184;
92.1299478358444, 101.764635501092;
91.9188580947582, 101.703306997909;
93.247787026439, 100.756806811402;
93.1272962211639, 104.250115479505;
91.9865336134215, 101.371323136993;
92.5710533963703, 102.7182893211;
93.6818667363717, 103.214984240611;
90.5395971714585, 99.3506212945877;
92.1190194639597, 101.512437005014;
94.749825207903, 103.359315381361;
93.2018433599898, 102.424745826993;
88.6383783112694, 95.7925080448018;
88.1589094208123, 99.5784810518294;
88.4043588175265, 96.5470639877858;
88.0807083821163, 95.7949662002926;
83.1844329332131, 92.1035523315592;
83.057958593125, 91.9651927858877;
82.3927058018242, 101.149952385208;
83.6078048498628, 101.741471833401;
83.7287259014628, 103.178286889025;
84.1145014081319, 102.922719501558;
86.4995755440212, 102.981449240232;
87.7024790379632, 102.942026250346;
87.0385194636955, 102.724413484337;
85.6032244554027, 102.688893435499;
87.370906203906, 100.788149374809;
87.9766313903487, 101.059240681962;
87.6662920476478, 102.506110741978;
87.4161810032841, 102.933916190579;
89.8710457135887, 98.2771899730856;
92.2867542024764, 96.4462686636901;
90.2715930925682, 93.6678778144911;
91.8023433476244, 94.9487692065069;
93.7745160167214, 95.6464850741568;
91.4958474161957, 93.5076809412337;
91.723078526903, 94.4649171059096;
94.0368939019396, 96.8033486810897;
91.7634079446058, 95.1480781998261;
90.8298589916011, 95.0609040533176;
97.0935268936895, 100.203933622523;
102.42788614324, 108.542030183865;
104.830561224265, 110.49230646641;
103.395854388442, 109.951837395698;
100.250786404704, 102.716575591429;
98.5676401933537, 101.271892416672;
95.2650297302042, 99.7401000416252;
93.5018739853674, 97.579724470471;
92.4764290297578, 96.4915097301435;
92.4998214134693, 96.5442406506183;
95.5670755957707, 98.9643210782894;
97.9020483852076, 100.175549950825;
98.1658352085753, 100.870547229554;
98.0401688735806, 100.822510901558;
97.9135894933099, 101.134524517215;
96.2758055805171, 104.970646603411;
93.8949021825543, 98.3830215518385;
93.1935332261152, 97.6246187409139;
92.6849288698894, 96.2357569127276;
91.527535358067, 98.939549487412;
89.2642615731545, 99.6118114071974;
89.9491062176754, 98.0179960210076;
92.1787843755403, 99.6647965279597;
93.7283620336813, 101.273673630512;
94.8019728393177, 104.896365793584;
95.9060555005607, 102.387116071747;
95.974817963895, 107.311490479892;
94.6523325619976, 106.388518405774;
93.073285072879, 101.011980390631;
92.4520839183957, 100.256730666626;
92.4964868726411, 100.372982361076;
90.8674153812582, 98.8688669146811;
90.3109283222813, 102.317243433162;
90.623051897833, 100.294465154044;
92.1266254489644, 101.487404389659;
96.6784636631921, 101.391234115793;
97.8845152842334, 102.688922580049;
96.0690963001211, 106.067559154695;
94.9112552023508, 103.224465073181;
94.0235846136726, 103.427561957267;
92.6714242442698, 101.179140583149;
91.3776317495812, 100.074918158197;
91.5492293051898, 106.072615936416;
93.4687696170052, 105.419965550195;
95.8853927983858, 100.906091581682;
97.2140171377448, 100.757290965581;
97.8767317763566, 101.357879679778;
98.1962714156948, 100.689799980039;
98.0411728056744, 100.378464496661;
97.2788151084047, 100.32002684513;
96.7208105113223, 99.9918649553708;
96.0193555732398, 99.7529413862991;
95.5583188853364, 99.7268231595789;
94.7127691013298, 98.6130274191037;
92.6764895415415, 99.4969399446558;
90.7686307139479, 97.465765298703;
90.7415575049352, 99.9783372460032;
93.2376730588877, 98.533158025082;
95.3468591912852, 99.9334230792035;
96.3990252956262, 101.230675081405;
96.1425807797063, 100.714068308424;
94.3184041968174, 100.056651534718;
92.4835540376984, 96.5891043967667;
91.4638725095806, 95.6082087407006;
88.5351687064295, 93.871179108943;
87.3577065374542, 93.1727380850658;
90.0199047031198, 94.9191713754871;
92.9895318361595, 97.78908704804;
95.6363766399872, 104.126234669479;
96.3732070150442, 101.259810390865;
98.2269526784504, 102.86881222562;
98.0356949145661, 103.419186841892;
97.3636151112129, 102.515368500015;
94.8446274078417, 100.553609463791;
93.5794378232773, 98.8840541061954;
93.0493806485494, 98.2868215777807;
93.4816193919577, 98.7171576006311;
94.974375650709, 99.8671173388791;
95.9583836608094, 100.202738250719;
95.6209901331748, 100.104629307667;
94.289431311312, 98.7942251834521;
92.1914614637584, 96.5492776295279;
91.693705146331, 96.3756048302067;
92.9725393424963, 97.9064429777622;
95.4339434556686, 101.026784809351;
97.5296845672618, 102.926512925179;
97.7048852411632, 103.148903400627;
96.0254173637309, 101.888749131436;
93.7511172788217, 98.9227823419236;
92.6778568343666, 97.706213182988;
92.4100210620368, 97.3031396759149;
91.4712420778431, 96.7895140165433;
90.4298613375826, 96.4570863251564;
89.1353912813862, 96.8139415561646;
85.7569878969744, 95.0342066195475;
84.2021949384557, 94.9036561540287;
81.1924966380615, 93.0033842027917;
78.453003036338, 91.8492232305247;
85.1156440633545, 95.4528814146351;
88.3780897916026, 97.7356525746308;
90.5439311088389, 98.1235506094746;
92.2397670152129, 99.7740950474166;
93.8189925026775, 100.072090784259;
93.9634060747258, 99.6220016838518;
93.4347571025861, 99.0313635841449;
91.9661254742736, 97.736889505548;
89.5202222197305, 96.1664267170431;
87.0448570170956, 94.5792458795156;
84.4096595022916, 93.9624277824154;
86.454488754329, 94.3543743962804;
89.0256222975017, 97.1682665566031;
90.1722149446304, 99.8724541490062;
92.4204848698675, 101.423675830937;
92.6469936426247, 103.121772195305;
92.8851727318304, 103.454092808247;
92.1205171794225, 102.351220981585;
99.0036991033776, 108.477807418966;
98.8821236753882, 103.760051077652;
98.6240068520539, 105.190550995447;
98.5764341252591, 110.238188379135;
98.8672378615685, 94.9461619376538;
98.8191169986192, 110.772078905054;
98.5761186497401, 103.029508309868;
98.7865089421874, 111.466567723819;
99.0315435146612, 104.882012612324;
98.8922315403491, 104.806818804164;
97.3727367706516, 103.955180170831;
96.0097423252821, 104.420438990507;
95.4312790054202, 103.673726576502;
95.0398384882462, 103.371744201202;
94.0348514826937, 103.646114239969;
94.4759413082715, 104.026859745498;
94.5317533461616, 104.14408143636;
95.9445440086295, 104.84550678392;
97.6818200078327, 104.621330810005;
100.645852261872, 104.033788356883;
100.191344725912, 105.742312631083;
101.983480262877, 106.059818553265;
103.802129085338, 109.575194867667;
104.744814439167, 113.418323413383;
103.033598181902, 105.206473481111;
100.076701087924, 103.828175886531;
95.693560455095, 104.809920015362;
94.038877186045, 104.559524349862;
92.8221678808384, 103.336986284151;
92.3993930225193, 102.906826625856;
92.5094528983866, 103.583063043391;
93.764848105498, 105.252229191035;
95.9530347827521, 106.586840453206;
97.8509523250858, 108.135963856869;
100.303963567264, 109.908036698801;
100.98434872993, 108.334158607911;
100.312828276884, 107.89582164002;
98.8814667935017, 107.133219867118;
96.7404506263149, 105.563867241382;
94.3822916762013, 104.49450847114;
92.9759156055838, 103.472128507465;
93.1614770520215, 103.680139954893;
93.6265737717201, 104.696504763859;
95.0630883168483, 106.005479470871;
97.213876112704, 114.11296709873;
100.626425436089, 107.976407433125;
101.30471762825, 116.626845807769;
102.548233879208, 111.785890663889;
104.049862320055, 113.209729698693;
104.178302259883, 112.798324492388;
103.777006077858, 113.156617390339;
102.125454716561, 109.709841746741;
101.174339530631, 108.170933904758;
100.082815097681, 106.349671756735;
97.5117733588019, 104.02181763408;
94.9358623103131, 102.10951970907;
92.0631168261028, 101.036018392165;
91.0701052153153, 100.138369147418;
91.0112916140734, 99.8338945024227;
94.9738382567005, 102.235653963356;
98.2476846026201, 103.795855681911;
100.291348571985, 104.477927775991;
104.206265548948, 106.94940268126;
105.592818554556, 106.095287087764;
105.213120497656, 105.426719101573;
103.047548748885, 105.681223252375;
99.7795893799417, 105.170662882701;
97.5030587209012, 103.4618567248;
92.3467843499055, 103.015758746835;
90.2283221203503, 103.932508766139;
88.9788200824245, 100.574042369459;
88.8985373554864, 102.305642751872;
91.8249854819415, 105.288346636201;
95.0371043325575, 106.739489756954;
96.6810473688216, 107.985840698611;
96.3033182043689, 108.854762717742;
94.9510048304417, 108.883008413813;
92.6516017361395, 106.469508914074;
90.6131244377403, 100.615187492857;
89.1439776134507, 99.8527573821299;
88.1041126034449, 100.352754583471;
86.307036418922, 102.584090752222;
88.6234500491788, 104.971185422141;
92.8591861486383, 108.642079891983;
94.7496792646822, 110.161114909142;
94.9827216051018, 110.039850807208;
95.5172126774102, 109.268942705506;
95.7464349679241, 109.770104551976;
96.8232450498498, 114.53138078608;
96.813210681304, 108.306572402458;
97.1879040733784, 106.343984904556;
97.4355857720349, 106.721274960852;
96.8640976570536, 105.166412816778;
96.182581248766, 104.823250735551;
94.9078083202987, 103.719166413006;
92.1084427407352, 100.947697996241;
88.9510243167837, 99.9664908434127;
84.8354981419747, 97.0728724119178;
84.7689227604609, 98.3178542742843;
83.5676063237206, 97.5918639212818;
87.23493962876, 101.203106751164;
90.8597948418138, 101.111272270232;
94.054481916672, 103.906658824938;
96.559925359678, 105.551353499676;
98.3009916746572, 106.856440916311;
98.7675992783578, 106.704986592296;
97.6068969575801, 105.766239110718;
96.2315188517324, 104.416809680762;
94.1623485691374, 102.045093367761;
89.5033437758921, 98.7606252427276;
91.1783065428525, 100.037406513896;
95.5774262484468, 102.607381206091;
97.83269733648, 103.490123754104;
98.7073864415251, 104.084126242353;
97.9135696392826, 103.902674311277;
97.2698312267529, 103.856849863625;
97.1879549336712, 103.912705084522;
97.4931720548475, 103.731684349665;
97.3320755755721, 103.740683987864;
97.443778484088, 104.223267902604;
96.616569927443, 105.034367060148;
94.2658900751639, 102.015054424916;
91.1325460651549, 106.835265006744;
90.13418875941, 102.144737608521;
89.0010220646059, 101.312340871478;
87.5001915594697, 99.8202115882238;
86.3591446511055, 104.573796248006;
86.1044466430372, 104.308297378502;
86.8502444633576, 100.889312816513;
88.8205745973999, 101.056097206475;
92.8012205405951, 100.051530846899;
96.5357272438434, 101.00870475462;
98.8732784719275, 102.207782307509;
99.9661873343206, 103.087072185803;
100.580200493933, 105.825078822043;
100.581277440427, 105.556976738799;
98.577423169639, 105.538423276926;
96.1355606046944, 104.680816021463;
94.4501340120508, 104.351578940185;
93.4542366767859, 103.829450137457;
93.5204640554148, 104.305123163803;
93.4895750563997, 104.421928935092;
93.2806740435073, 104.311873057865;
93.3203396653847, 103.821567833432;
93.4219837275645, 103.587566689031;
93.3230130648732, 103.470794281154;
93.4636240429218, 103.045756447634;
93.6279005795326, 108.623579545554;
93.6849685825378, 109.116167449891;
93.72323847927, 109.382887735993;
93.6107456396698, 102.619077907882;
92.9194819691415, 102.569546500618;
92.4633260489272, 102.106920716982;
92.09466342499, 102.275305659804;
91.8186882713415, 101.83759826117;
90.2972551510697, 100.532857484827;
90.0041428377668, 100.764580816531;
89.5816133167023, 108.329079936666;
87.2747268477448, 108.184441844275;
86.1881313907786, 107.276346801416;
85.8188281077331, 106.943187933736;
85.3348599764464, 101.796697937464;
85.240077772515, 102.109890301991;
85.3875398220383, 106.722215207606;
85.566611183447, 101.77478920991;
87.8477016496118, 102.940882858708;
89.7634311836167, 101.802123027591;
91.7489877266168, 99.4267516596174;
91.9208832796099, 98.0103065283842;
90.8609128419734, 96.4119173217175;
90.3422866185736, 99.3222081889164;
87.1116315670186, 95.3338307223155;
84.0006920568469, 93.4789525709794;
84.433837032761, 94.1128229672828;
85.6189283277566, 95.4121145841623;
88.3499393119927, 98.961219339986;
91.0703973201046, 102.184253577758;
91.9775424689958, 102.8502764452;
93.0361710071282, 103.508400270461;
94.0426221963003, 104.34784317201;
94.2731998378028, 104.398035085066;
93.2219245975132, 103.115593392189;
90.9917251059, 99.5510468673921;
89.126039421426, 99.7170653141146;
88.1713687111462, 99.3006400540037;
86.2329332194289, 99.2951019979771;
82.4361057061049, 96.7994056739357;
78.3995100015717, 95.316218276253;
76.9744886352348, 95.2807791079893;
76.5703975484029, 94.1664567601529;
76.7601129652655, 94.2686352062556;
83.3166638622441, 99.4598576720665;
84.9821857587972, 98.6359289178428;
87.4879810800462, 100.083169487359;
90.1328900448856, 101.385831575574;
91.3684439083216, 101.626618653306;
92.1695333121097, 101.879424741442;
92.4896306970287, 101.967754732661;
93.1356499353118, 102.090740948318;
94.1692046916232, 102.588265599215;
155.287441542833, 151.172946783252;
155.397506469095, 151.077154987582;
155.264733597948, 150.494688623159;
155.293425779417, 150.706959472516;
155.2385133886, 150.974161898459;
155.178432574248, 151.456151916603;
154.479484806694, 151.654085303138;
154.625140715018, 151.809879565699;
153.926582721811, 151.079313437418;
154.211755890707, 151.386548617435;
154.629747421653, 151.624337096196;
151.497946926526, 148.312324785282;
149.781467264149, 144.661867831409;
148.250077236124, 142.917028225687;
147.503991737078, 140.565078959108;
146.149797422064, 138.269570898235;
145.868503393473, 137.430627477646;
145.481307340327, 136.634166875535;
143.966282006001, 135.87315270308;
144.371720210074, 135.839690645694;
144.065812450903, 135.767378787931;
143.782647703209, 135.565134253589;
145.069122342605, 136.484750017505;
146.538213501241, 138.41056101597;
147.731014105293, 140.038006752233;
153.386313741075, 147.184317801128;
154.838467176244, 148.058970670742;
156.091792700813, 152.901409521763;
152.877375505417, 151.337192262123;
153.038979061218, 152.927538353146;
153.080944301702, 154.138298492407;
152.762191241341, 154.264919442988;
152.817947510343, 154.687106021858;
152.808726940138, 155.132343037925;
152.807192557888, 155.475551976568;
152.431196167887, 156.04234514944;
151.484947351132, 155.576369023018;
149.169346344463, 153.498051359963;
148.391577998101, 153.358131902767;
147.955068760261, 153.061456953888;
147.820103582163, 152.214697638372;
152.07637482196, 158.248549374542;
147.489864945165, 151.391477621692;
152.065628174444, 157.167716064002;
152.701627501445, 156.314237400834;
152.718091744858, 157.042301339152;
152.926626023024, 156.601900846084;
146.658335377232, 150.863353668371;
153.148667068588, 155.877620191724;
146.948518668799, 150.972438765581;
146.619118636025, 150.091343880313;
147.519621660488, 150.986285133802;
147.910921862203, 152.015181356671;
148.156020456762, 151.962961339185;
148.065164912952, 152.040770423183;
147.867140519673, 151.703472471853;
154.064398947317, 156.094301144975;
153.671440111881, 155.67147483794;
152.185792946372, 155.397645165715;
150.538297532087, 155.223740358403;
150.474299459829, 155.722939775397;
147.641317349604, 150.916788154174;
149.313645130988, 154.600973395866;
149.372553049105, 154.888949501639;
147.998898731674, 152.341726673754;
148.86959591271, 154.006894166514;
147.599279977891, 152.293532943459;
146.16037853578, 149.050168178903;
144.860306971987, 143.304418825992;
144.145952813472, 139.732648289116;
143.82735107384, 136.70829913595;
143.387903185013, 134.868750533124;
143.247991198026, 134.26511952613;
143.48249171939, 134.660783104005;
146.324352396572, 140.244822715074;
148.135889343643, 146.932965070401;
149.338528854141, 152.897581310996;
149.510666050198, 155.818453166539;
151.095467578086, 161.940011729307;
151.081536215374, 163.833504284236;
150.377903129906, 164.066932996436;
149.848423557146, 164.960266663988;
148.308054791154, 164.062588903588;
147.833874860055, 164.233962979193;
147.792852940201, 164.549508484419;
147.885079546648, 162.843934800654;
148.910757639108, 162.083970342017;
150.105365937424, 160.818176402228;
151.804101334686, 161.101510706507;
150.425921625136, 157.019791519669;
155.74037683405, 164.141648474107;
156.953893366339, 163.258962206907;
151.644945903162, 155.825225611034;
151.952707617993, 156.195295395614;
151.203824934129, 154.584572261787;
150.919485647301, 154.112955453174;
151.051601426806, 154.494381429088;
156.039024502167, 157.862448500586;
150.151421851074, 153.223986691068;
150.413993429371, 153.783547013335;
150.554036341516, 153.771465279932;
150.84726521128, 154.072181229462;
156.086154519375, 159.500064856288;
150.382506625638, 154.64831148151;
152.125997188719, 156.958150307476;
150.517564955998, 157.514053368654;
149.430840017546, 156.237588837996;
150.353560024321, 158.153038799443;
149.069523635102, 155.966538836895;
150.304571569333, 157.225501614425;
150.95219149076, 155.939056443157;
150.357153381965, 155.135531775375;
149.789450940597, 154.268601444121;
149.779935318915, 153.411999499451;
149.963913506653, 153.284867384944;
156.258253584177, 160.574126646224;
150.886213007565, 154.852066035255;
150.685549223018, 154.301837150323;
150.526058575128, 153.972959092821;
150.322831294249, 154.122809096391;
150.276092644086, 154.945630974868;
149.914028259207, 154.801971634985;
151.218392688007, 155.866719714585;
150.656528799048, 156.057097007915;
149.95129571376, 156.201330618698;
150.663774806035, 158.595813204706;
150.255650326111, 158.722125265417;
150.139879312303, 159.966588128244;
149.220487300074, 160.400839079605;
148.802086170669, 160.683627768733;
148.819329937274, 160.64729897399;
148.563005787064, 158.89041233742;
149.854824923254, 160.273221171771;
149.373470421318, 158.300183343954;
149.062480892088, 157.294720997718;
149.641380901781, 157.75614347621;
150.678133016228, 158.885716457912;
151.056681994857, 158.90990528904;
151.109828477701, 157.302679884916;
151.202553311165, 157.090999320269;
150.210592441558, 154.868702051196;
148.97650090137, 153.967234194311;
148.632767750792, 153.647803347751;
148.328760144844, 153.257403719772;
149.086046332827, 153.918172788394;
149.295692465417, 153.759060827893;
149.327992914026, 153.367544319272;
148.280148345629, 150.398164306427;
147.342205117149, 146.100422585747;
146.90400959841, 144.24945501897;
146.955551976957, 143.7082509706;
147.876587195819, 144.513064790727;
150.307970157915, 149.012277859478;
148.117219063042, 151.235242574555;
150.849873189732, 155.768692139071;
149.698165802234, 157.753415579904;
150.575525886063, 159.380442645067;
150.911235989062, 160.473464043645;
150.816347069704, 160.497846816948;
149.862847422641, 158.449893097612;
150.175374762861, 159.965040469586;
150.07658400042, 161.488575042339;
149.43049358815, 162.14573593197;
149.099594419162, 162.023387748066;
148.976717745427, 161.879850889393;
148.504098580736, 160.768718721906;
148.783527124333, 160.898698627669;
149.178619096902, 160.767710512797;
149.397153508805, 159.967827827842;
148.623749967686, 157.666474558855;
150.13751859183, 160.034509662313;
149.730575240908, 158.883683174515;
149.734423452093, 158.91504490578;
149.618516992796, 158.805867295214;
148.061429452368, 155.698420969094;
148.190101330334, 156.47053014959;
148.532290009926, 157.971661204595;
148.586577917134, 159.768378857133;
148.370773726445, 160.96589294339;
148.053188479187, 159.568085016798;
147.770565408391, 160.99353410365;
146.796458747681, 159.452420950436;
146.720242535932, 159.493242956536;
147.220353220562, 160.385784156011;
147.665714837854, 160.443919379097;
148.438491776061, 159.991168029242;
148.967374533816, 159.929578038309;
149.032366125703, 159.435833703237;
148.965382931087, 159.086448775745;
147.358384871222, 154.995758486515;
147.879913227687, 155.964576741626;
148.170487361325, 156.057876528121;
146.745447369667, 153.855162320858;
146.012393071569, 153.150261887153;
150.544102608947, 156.795329977024;
145.007364378635, 149.047385723661;
149.006194990644, 154.211483466878;
146.052549075434, 152.911295648568;
146.549045134101, 154.845318508894;
146.289308343606, 154.54748343139;
155.485902747634, 152.347117469586;
155.452986926512, 152.910740719894;
155.398146512655, 153.282046997219;
155.407401580298, 152.675329477815;
155.413402130153, 152.557689103789;
155.335205994195, 154.327428663245;
155.279472209008, 153.165469272651;
154.544570124564, 151.931208088945;
155.001511033529, 153.226760054751;
155.12506604453, 153.4205459457;
155.20792969632, 154.278736260504;
154.380764088227, 152.567052670194;
154.600274492562, 152.702259038378;
155.200170142987, 152.474581663421;
155.303748873286, 153.075818209985;
155.660414468325, 150.464354137582;
157.375588255215, 151.363636791157;
157.555464930585, 150.750382594146;
150.769749642654, 142.442216604833;
151.703133084296, 143.541525492967;
152.602909335104, 144.811472028348;
159.880398305143, 150.595246834009;
159.957981962037, 150.65234200513;
159.766958193176, 150.118908510852;
159.369314939154, 149.726857561329;
159.252195004114, 150.461796935272;
158.144640459883, 152.321976795372;
155.424026847832, 150.912924479355;
154.260905483414, 151.663361097607;
153.810728879553, 152.781609403899;
153.375331136166, 155.213734361943;
152.963798145197, 153.935850203863;
152.761947726128, 154.634465513133;
152.848967735053, 155.161209329132;
152.496017583588, 153.692699446483;
149.845595059064, 147.354101672458;
147.608209423472, 141.981875343116;
149.464805570613, 137.418124667313;
150.562404467549, 132.598138438309;
149.88601467644, 129.929362651518;
148.251426051596, 127.562151476752;
148.31014794532, 131.596063425853;
148.498675246672, 130.824031324898;
149.146028364094, 128.363571724451;
149.217421213225, 126.003420732655;
149.317476757386, 124.277096897862;
149.820422146453, 121.994372709705;
149.67012967597, 121.120986100302;
149.506534816931, 120.066299010877;
150.67071160306, 117.88741312861;
150.708825353304, 118.061679573639;
151.30266368875, 117.954790334518;
151.33232713112, 118.322889579686;
151.438822870926, 118.815419081862;
153.273840595764, 126.713478167627;
153.860916889773, 134.753801004256;
153.717270600225, 141.576593457726;
153.596405718965, 141.884309655873;
153.152342084128, 146.338793656742;
152.883438626647, 150.569006385724;
153.329401965894, 155.339809656273;
152.723615689298, 157.733029008261;
155.096528694109, 163.030558494667;
153.651317901895, 161.750304676504;
153.511926573234, 161.443982550893;
153.464183739075, 161.465986365379;
153.571838337656, 162.067541997414;
153.708003446207, 162.363745348811;
154.269071450832, 163.618251395668;
160.561958440081, 171.811015497538;
160.723190341782, 171.222333935915;
161.491721934782, 171.052597275562;
162.394831398644, 170.978452035316;
162.729315783475, 169.926801063073;
163.469596173279, 170.382850015553;
163.683590611944, 169.747293806269;
163.420656912297, 168.360905428188;
163.287494328309, 168.499603551674;
163.207504154601, 168.074782220279;
163.919014688444, 170.499065741786;
162.82990599145, 168.557812884667;
163.261789398371, 169.073828816842;
163.601373478715, 170.74692351953;
162.16294472449, 169.782484299029;
162.02626565884, 168.939415050032;
162.859420103474, 170.957900870319;
163.276049224675, 171.238908830629;
163.141413276254, 171.334404302768;
163.023429806511, 171.376766995845;
162.699571297005, 169.739309211815;
162.318856674666, 169.22078828927;
162.439633657186, 169.802037861988;
162.553494928274, 168.767008477645;
162.626666726722, 169.638771194184;
162.506213628191, 170.815264500798;
161.864197697175, 171.384409611791;
160.783709046364, 170.489570652387;
159.733432667274, 171.179578405734;
159.141400592334, 171.462194281919;
158.580944650599, 171.200042646637;
154.003184322081, 163.878899638151;
153.229453197008, 164.558982169407;
152.961839664522, 164.192803587328;
152.124896718076, 163.25577324534;
151.503652961483, 160.462107209674;
150.994683306158, 155.690108558491;
150.576892661057, 150.10459744613;
150.455080171735, 146.460786963756;
150.472466587558, 143.680441030358;
150.645157087355, 141.001728110847;
150.670933920182, 143.296974012415;
150.610278915265, 141.566980973576;
150.718817755855, 140.42280713257;
150.230155193352, 140.477872237651;
149.834374432778, 140.00722382948;
150.164390338075, 141.711675766086;
149.559161806342, 142.631360796947;
149.434018524652, 143.534109845213;
149.097914948259, 144.156904617826;
148.679538686018, 143.679466867723;
148.771916091999, 144.247028312609;
149.065783540327, 141.743075843121;
148.823990928694, 140.946033643458;
150.141708900603, 143.058191479137;
149.704195843008, 142.939850157422;
149.221800002554, 142.869721608678;
148.617257112365, 142.173811545496;
147.579257833509, 140.905449950135;
146.481422708606, 140.41415047305;
144.739650808388, 143.273938551521;
143.992749233763, 142.350923801891;
143.523824434773, 141.876320719009;
143.565495127783, 140.93985104488;
144.739693773257, 142.520872461512;
145.967523769288, 139.374541967901;
149.258283100337, 145.208224261424;
151.226045286454, 147.669643849575;
152.773306464482, 150.81677790422;
154.062509163669, 153.658857157862;
154.237326118428, 155.574140204543;
153.344212509502, 158.913621884092;
150.342604299626, 155.650416581658;
150.848014550526, 156.770635382717;
150.401946594237, 156.469623001169;
151.010637549016, 157.1884565932;
150.828269949657, 157.241951925518;
150.434851921812, 156.763075493189;
150.256456176553, 156.611974479841;
150.156727571695, 156.246597993272;
149.106670726731, 154.522042618962;
147.659862682609, 153.319208986166;
147.025668293466, 152.498054686334;
150.954196616943, 157.624782845507;
151.187073652324, 157.200608475174;
145.190176801079, 150.720927228923;
145.445806192249, 151.116265014037;
150.605024893809, 156.805653131706;
150.41110012675, 156.799610778363;
150.344478828708, 157.176269449353;
151.518017070196, 158.465819087641;
151.565682418029, 157.614569980341;
149.586522742686, 152.750695648167;
149.756993926486, 153.463806956773;
149.97758813729, 153.785852454582;
149.86030935338, 153.52828350087;
149.754291392439, 153.587260740197;
149.619211173017, 154.41827036866;
149.960051511743, 155.643379927208;
150.041712558715, 156.023951704058;
149.86874089467, 155.65137283723;
149.215215578253, 155.041544606623;
148.497552132987, 154.893172729009;
148.302105747079, 154.632717145317;
146.25727698615, 150.518726586723;
144.706287007953, 148.565925085055;
144.086935077851, 147.787728457181;
143.553529424673, 148.299606182426;
149.371355106094, 155.176977098181;
143.957791989228, 148.284612349487;
149.578966947752, 155.69437581574;
149.311337787929, 155.415433734483;
148.899835544953, 155.256001822645;
148.870813207602, 155.784490996805;
143.693780617872, 147.730449818744;
146.959984000783, 152.12074326375;
146.193795806696, 152.783576486636;
146.234108026225, 152.931781339185;
146.299844627724, 151.835627718173;
145.677061381463, 148.691959955318;
145.708913069572, 146.308567302948;
146.20859986983, 146.595360654091;
146.40833913005, 146.734943980586;
146.533952746576, 146.862202768737;
146.626546284855, 147.515360260212;
146.59953014795, 149.072360512191;
146.611733515731, 151.20161577332;
146.651806469152, 153.058723246145;
146.808040950519, 153.843755985557;
147.265511066659, 154.668081500329;
147.590521530059, 154.574030382757;
155.893810534233, 151.985022537034;
155.464335505642, 151.580678598428;
154.817087249875, 151.104076879609;
154.794151808848, 151.770787576792;
154.972413492222, 151.958774551584;
155.048292741014, 151.95865314119;
154.921513594958, 151.741084059896;
154.809218718506, 151.770654392951;
154.767030754208, 151.806346138522;
154.753555366543, 151.575793812496;
154.967368836898, 151.610592066146;
155.083139376549, 151.701482493366;
154.524150603215, 150.982008778429;
154.038981746044, 150.82564634009;
153.687569203278, 149.500486916753;
153.161834612513, 152.378804506576;
153.259817091658, 152.301110170247;
149.926182020427, 144.369914990229;
150.707234524385, 144.992591404093;
153.50305750838, 147.813425018765;
153.997876392019, 148.352851260439;
153.864611833026, 148.231351595376;
153.531096898887, 149.028427754302;
151.321437074495, 147.845891543732;
150.713829916695, 146.765775867007;
151.288485083964, 147.626760346273;
151.149520822466, 148.303997214065;
150.897955673923, 148.101960025257;
152.205072328322, 149.11826274915;
151.230259543772, 147.940093234059;
150.727448951734, 147.585751014643;
149.968619442281, 147.2364760666;
149.288430573859, 146.579840383738;
152.068418358786, 148.639762844841;
152.452371069772, 148.37318302272;
151.402789221404, 150.570200694437;
151.416745502411, 150.991838639651;
151.07452594063, 150.808417448285;
150.864518227145, 150.687223774609;
150.815822984678, 150.751976669768;
150.591861957811, 149.925177224318;
150.501510341986, 149.344288302247;
151.214416158023, 146.947657604214;
152.620792797964, 143.169125009577;
153.574391975938, 142.567839194366;
153.87447001769, 142.202073564293;
153.952085786286, 143.289665988796;
153.990678207836, 142.814143418403;
154.149647931546, 143.36356401238;
154.682594504785, 143.125439683971;
154.452032999278, 144.857510795048;
154.243837878789, 148.558928175251;
154.109236652932, 152.052507654934;
153.524471900437, 152.737493610489;
153.291988883567, 154.876056283965;
153.103736012453, 152.569974730369;
153.030231101391, 152.197926267781;
153.263002318177, 153.127232090384;
152.939177092521, 152.896513380202;
152.100287245477, 152.734586872757;
151.594588342536, 152.023588171864;
151.298655642955, 151.359428487429;
151.224422502631, 152.042469657163;
150.653293111517, 151.214895331397;
150.185869270215, 150.806250359614;
150.285390339927, 151.232162329765;
150.419309129505, 151.633540455354;
150.934969806079, 151.954390540653;
151.520288017352, 154.443433974485;
152.116379886694, 156.478631656404;
152.215110860488, 157.197371990243;
152.058237042345, 156.770126514067;
151.930353975865, 155.953383520259;
151.354149230011, 154.679747667173;
149.703240349806, 151.745463442896;
151.325706300501, 148.77875226644;
150.602133006637, 143.188046575623;
150.676320063651, 140.745991549724;
151.063766880285, 141.412646909264;
151.181729935045, 141.067501107421;
151.3264200808, 140.811479997849;
151.947613930987, 141.17890273176;
152.514098647653, 140.841868308108;
152.712390934955, 139.248209839492;
152.726996825199, 139.156628745534;
152.8869406113, 140.561404255986;
152.84762781737, 139.749904009954;
152.827391853382, 139.988700440107;
152.606478498332, 142.035075314049;
152.205143796646, 144.98009740087;
151.394014405185, 144.965048163129;
150.818544830322, 146.479677296494;
149.934921889994, 146.111954947213;
149.500844039562, 145.549908145358;
149.35959788907, 146.361112794534;
149.328784775724, 146.93130168315;
149.902492382737, 148.985266048406;
151.048861469977, 152.647466684806;
151.28217982953, 153.262613469236;
150.612680837106, 151.87895176752;
159.063515579469, 160.860105700028;
153.341461263987, 154.799089639873;
156.600662302584, 159.373605920934;
157.095475491175, 160.318071007965;
157.286571931305, 161.2420882229;
157.028327290755, 161.413393096498;
156.862968615886, 161.293507863995;
162.738437510112, 168.289072455485;
155.559889404677, 159.664702603743;
154.26213952919, 157.263002789044;
153.694732481526, 157.373444377936;
153.169189135039, 157.737468616306;
152.760984121601, 157.608366292588;
152.342683888777, 157.460263633981;
149.304402403795, 151.958421273231;
149.488534823245, 152.392709980266;
147.61498742841, 149.177859278417;
147.828406656316, 148.097243960495;
148.029886725456, 147.74668045663;
147.875412529349, 145.684313624112;
147.484139288344, 145.490375975587;
147.032883526294, 143.905094182866;
145.168977429653, 140.144039562536;
145.514318218996, 140.650700664877;
144.942177950782, 139.257251578526;
145.110982355715, 139.412628547519;
145.269381756749, 139.482713690827;
145.303908730131, 139.33575234207;
146.208255766352, 140.322102821203;
148.05342286493, 143.752267130944;
150.425558745935, 147.799225475075;
150.997972634634, 148.701840739389;
151.066177762231, 147.503834302028;
151.169940735184, 142.436412660953;
151.957214861597, 140.198060738081;
152.509969694838, 137.579076460835;
152.561963475652, 137.539668038645;
152.247451870305, 136.718387402521;
151.843474640814, 135.973086474202;
151.171086127837, 134.911333813076;
150.995548328098, 133.841693736807;
150.905520203441, 130.666848384324;
151.584544298367, 129.178245695052;
152.275074741867, 129.038248670177;
152.595654446997, 129.001715801825;
152.434997199814, 128.865048577178;
152.432090476246, 129.451632439134;
151.894523879786, 133.716609939425;
151.713953027589, 144.244557866609;
151.325899863228, 144.984812873601;
151.080220227354, 145.119163011631;
151.078017087384, 145.523814805704;
150.941149403515, 146.868507949605;
150.01450540498, 145.582007479192;
149.537753936936, 146.519179513108;
149.611049623678, 149.010341914492;
149.632689064084, 151.74043605067;
149.685312762091, 153.040391358639;
149.582891861012, 153.83679113875;
149.697540147483, 156.42256431987;
149.708654090445, 158.501368387831;
149.040242828898, 158.42245397577;
148.385492848948, 157.810455788023;
148.250720750852, 157.711865113833;
148.309541858866, 157.506418192357;
148.339189927946, 157.062817838466;
147.183547185909, 155.604901773877;
147.812064824424, 156.548493058792;
148.456827314744, 158.007227191386;
149.676888495296, 160.13511374882;
148.957359040613, 160.303388234521;
148.726276587282, 160.47859953746;
148.586952604774, 160.164935192913;
148.233812387204, 159.652275463827;
147.352841225304, 158.103298602143;
147.182568562455, 157.304758431764;
146.294871012588, 157.371072797282;
145.067264960764, 156.772202618725;
144.155502513571, 155.096041611373;
143.13874264809, 152.331381821387;
142.586887692924, 148.21613284733;
141.301116970388, 141.082933923611;
141.408863011307, 138.397703974034;
140.647745167883, 135.912816516098;
142.27599640586, 139.032054356371;
142.768874780977, 139.013179011116;
144.236726891229, 139.689114811034;
147.657853686925, 144.175615260141;
150.372100416691, 146.3217634656;
151.467707062594, 151.515019308115;
150.704628398566, 152.867082190619;
150.177462077834, 153.44639236632;
149.836492484784, 153.337597205738;
150.283944883804, 153.257088019701;
150.012946243817, 152.748952325621;
149.36390724179, 151.23402091269;
154.938543037107, 155.327766254762;
154.057166165755, 155.410666043074;
153.825538318731, 153.195452139673;
153.222669098704, 152.282067388066;
86.3678918781162, 166.420410085887;
87.2185990333277, 167.115158685923;
87.5363449293082, 168.481691729048;
87.7253550483582, 169.122707516617;
88.5407506771926, 170.795341563529;
88.5975052836817, 169.955929516953;
88.8425757986397, 170.027002794869;
89.3202399579838, 170.238161299054;
88.7050871001853, 169.655834840316;
89.126487761478, 170.453536729923;
88.152697561841, 169.290290831296;
87.8576518663582, 168.468202427384;
87.3506828107247, 166.511589544592;
87.1453241373754, 164.695499066326;
87.6521638222926, 163.795941902094;
88.1191619154682, 162.268987585566;
88.504567389375, 161.35728449186;
88.7096100330405, 159.90474722333;
88.7548613659587, 159.677480974114;
89.8063483762583, 163.804406166343;
89.3822321759451, 166.546344551121;
89.6201332712625, 169.385798100873;
89.5053533684893, 172.625699783475;
89.4479781452043, 172.118529408995;
89.6027947732296, 171.912336027023;
89.331540627969, 171.605597880003;
89.3151284502733, 170.71016524622;
89.430106885989, 172.125131444599;
91.4438221909521, 174.303450856366;
90.8282775794426, 174.133173417288;
91.1270012590458, 172.074212435017;
90.7491830971806, 173.173735467351;
91.3594722476815, 174.502447599961;
91.1682356367841, 173.795304894145;
90.851170676302, 173.043203494576;
90.5247723884308, 173.566562607012;
90.2526087420862, 173.518620265959;
90.1375151734459, 173.523712111174;
89.9449550517977, 173.462779595302;
90.1918711808794, 173.765167229684;
90.564220188596, 174.35410561911;
91.0717780800211, 176.319861841575;
91.1427325002847, 177.893292273241;
91.2525127258913, 174.587895967592;
91.5724716466879, 173.142548345354;
91.8278869605741, 173.996947000592;
92.1494250911635, 174.879815802008;
93.3993107619233, 175.05945362044;
93.7750325023141, 175.373935926159;
94.1732540072417, 174.992642191357;
91.7709311508326, 170.388475773129;
94.6120177226908, 173.323250918127;
94.9615054236755, 173.486265282718;
95.4324018760106, 173.329302220444;
96.8442538675385, 171.376474608085;
96.5739681463375, 174.132291025827;
96.6557124386001, 169.90773182022;
97.5910572723691, 163.758558839662;
98.5795206210744, 160.698435904095;
98.3980139198169, 155.406017635477;
98.2584415023549, 152.484448025992;
98.0416244497047, 151.452313632375;
98.0009707914746, 152.18407513185;
97.9845762298092, 151.003642104108;
98.0228588274535, 150.849339488664;
98.2043079179598, 153.264647222544;
98.0402067228996, 154.803122378656;
98.3193676453246, 159.285839190164;
98.8278323660372, 161.265535287806;
99.1536898051888, 165.068102968535;
98.9374836072264, 170.357524197621;
97.6616950803059, 171.800066047307;
97.5672022296741, 174.599186195194;
97.2144007308518, 174.844651391348;
95.9687742502166, 173.506026416987;
94.8262984966251, 174.044691929665;
90.2532500317281, 172.557037655456;
88.7026861648197, 172.626981854435;
87.3411382106713, 173.066123377768;
86.6694542625501, 174.641584737929;
85.9068315164786, 174.572006825564;
84.8571668724789, 172.827698467479;
84.5375478942639, 173.693372170828;
81.6749893929849, 173.277879433753;
81.4424613912995, 174.581363122147;
80.7152772913807, 175.271810090779;
78.2386780084166, 172.826335668243;
77.723033847816, 172.316287373227;
78.1067943949522, 172.36763886577;
79.7125158762776, 172.011966475319;
82.2687755556558, 173.361290857316;
85.0333110996488, 173.186254401578;
86.6186635566439, 172.560743365041;
85.7258791920976, 170.59373588858;
89.4775285990924, 173.762820576286;
90.6596580168202, 173.45871287817;
90.3591353949578, 171.285741404191;
90.3551274336966, 167.917678023554;
89.8603255640806, 160.667617225486;
89.8467776866408, 163.254252073047;
90.0777263158384, 161.539460808567;
90.3335146901815, 161.814053399013;
90.8604908850874, 167.983415704996;
90.3494308162459, 172.0722290915;
90.1411056972605, 172.859885023321;
91.1355840465401, 173.808419979191;
90.3665705221062, 174.128100662967;
89.2453398913819, 173.543798366448;
89.0438695832143, 172.859917465369;
89.5286525926633, 169.927178616505;
89.7378644342918, 171.561781120966;
90.6727397056596, 168.843211251389;
90.5665939072626, 167.921095853994;
90.1477950580965, 162.888836064942;
90.5167860121963, 161.376414402834;
91.443412111505, 161.472227966028;
92.0952399159227, 162.229990523959;
92.2380591218669, 161.194980793069;
93.3790649384353, 162.962506638968;
94.957141451625, 160.365509841518;
96.3063297480292, 162.606073441376;
97.0890652703219, 162.767669656847;
98.4116092536301, 159.795920446057;
98.6799634411507, 164.226431225995;
98.2047668955182, 165.034914716666;
96.1296750021876, 162.872657025041;
92.8063168575914, 164.486378833373;
88.876295028303, 165.178818458122;
89.208648113754, 168.956734060641;
88.5542448250932, 171.212824148771;
87.7946201448634, 172.174981479665;
86.0015622570777, 169.724046735992;
86.9785224217044, 172.762177052838;
86.6248736585034, 172.545105562209;
86.8522818144552, 172.888415050712;
87.0551552685303, 173.043592097959;
86.9543504864887, 173.388173489765;
87.5485323318631, 171.670883962562;
86.1236629948152, 171.840146232957;
85.5393791174272, 173.207850747658;
84.8901075827735, 171.911512724956;
82.4380669840367, 172.983899592947;
79.0951739301123, 175.800008818726;
76.7250579521109, 174.551481902523;
76.4270767595312, 174.56563282707;
77.458091887381, 174.489978305306;
80.5955930921584, 174.27291846355;
83.8306218049486, 174.258542815399;
85.8523777693842, 173.221635352574;
86.1412530318771, 171.97483051134;
87.1270025917491, 171.536470580364;
88.7002728519794, 170.603621553353;
90.0557500148786, 167.568707458055;
91.8859318727027, 167.499892793434;
91.7124343632661, 166.5846872556;
91.5747425551585, 166.033479718463;
91.672651068971, 164.882770559793;
92.0551722733303, 163.406407541451;
92.3272877576008, 161.671964588788;
92.4545133780808, 160.298683655125;
92.8829201297254, 160.248666627727;
93.0622462245496, 158.54509777489;
93.2274484713498, 158.6641693374;
93.2861064727303, 159.135443242872;
92.8734105091615, 159.661759991048;
92.6675411600676, 160.139667228818;
91.4993688867744, 159.409021532936;
90.2256455761273, 160.211694908901;
89.1633272351359, 160.533930384001;
88.6595684863598, 160.980457360099;
88.029010064104, 161.433309996377;
87.4920200666519, 162.091220060329;
85.5428424311293, 159.064833153525;
84.9269435684655, 159.218627098646;
84.9887659025565, 159.543311486261;
85.0785665422357, 159.721475930017;
84.9605494897859, 159.663870155678;
84.5232338799927, 159.356483122971;
84.2208917169091, 159.021534110128;
79.78618730519, 154.444649441572;
79.1471381833478, 154.193427172567;
78.4886737197193, 152.845806794521;
78.0688077898393, 152.025780916761;
77.8997177368519, 151.838225595705;
78.2316104464588, 152.269287049913;
78.6189139278785, 151.971628164542;
81.500071101313, 154.54817410371;
82.0223853206752, 154.933224279946;
82.7500464756759, 153.887203621943;
83.5783024374764, 153.911261117497;
86.416308846835, 156.613948852482;
87.3070018872542, 156.432178966204;
87.9969883732887, 157.148582635182;
88.651729235928, 158.605909878648;
89.2071601971931, 159.839994827189;
89.9787369538686, 161.56245717963;
90.2171814824709, 162.411763929665;
90.1605787570703, 163.399992251835;
89.9224938230716, 162.855227541401;
89.6132076035806, 162.368641782418;
87.8084570810333, 167.134327022787;
87.8654625880898, 167.163071226443;
88.0170741428206, 167.203617301741;
88.1072628585694, 167.966755307278;
88.1425306845369, 168.059167795664;
88.2228165684245, 167.658689887167;
87.9613194089292, 166.178304359317;
87.3739165882172, 162.457471311323;
86.6186223825484, 155.076908832593;
87.104737601041, 154.219683545442;
86.0981611441082, 149.550376115903;
87.3567345398076, 150.759205952885;
88.266780175068, 151.858561686355;
88.4134038333457, 153.039593245838;
88.9479690454099, 156.046551279744;
89.4705655560776, 161.403490262132;
90.0857426160213, 166.664822952551;
89.7909263863508, 170.15599123759;
89.0283111356515, 169.855241828815;
85.3644084503949, 167.556523299577;
81.6399606998369, 161.698534779469;
81.5613844922794, 161.977391224094;
83.2720879466853, 167.066738479891;
81.9448046805578, 165.388769789806;
81.9925514199748, 167.107297537319;
81.3742374878997, 167.725638805612;
80.5191894370254, 166.033125073494;
80.7862878952615, 167.339577693016;
79.6670460785947, 166.633307232351;
78.8824373685842, 166.544301842791;
78.4619540154631, 166.32011648455;
77.7540660623278, 166.394711611703;
77.5988654602617, 166.694793930984;
77.3778267843849, 167.710763862745;
77.2814120086259, 168.180312468403;
77.1031004279155, 169.542520245113;
76.202511531625, 168.184238286478;
75.4926577082886, 166.412688404441;
75.243885792109, 166.465352292925;
77.3523276779264, 170.471414371468;
75.5009992277002, 166.54022462207;
75.4138638023643, 165.525622964503;
75.7218004992237, 166.369578676619;
75.8358873293745, 165.979854384444;
76.5547867236457, 165.855872724385;
76.9411982849225, 166.148433745918;
76.8093577690685, 165.534073740148;
77.0905157444268, 165.852382811923;
77.6638821125964, 166.160117825989;
79.064801907689, 167.051832884746;
79.178464900527, 166.806871319238;
81.1383493579985, 168.279063159544;
80.6508923162612, 167.994602789935;
82.0144514274579, 169.130738603842;
81.7844243437196, 167.69952543452;
80.9848888119222, 165.005789830339;
83.951926699088, 168.523919904749;
85.0103721864515, 168.927054887486;
85.3020628368744, 168.804905259834;
85.4407329970117, 168.417776060427;
85.9693701943173, 169.212103753979;
86.3078046718904, 169.90185122253;
86.3015035126415, 169.592441809399;
86.2671541321577, 168.294254544748;
85.951894087144, 166.10565369462;
86.1019196862335, 164.52948610109;
86.7080272135499, 162.17667447866;
87.6830297355616, 158.726462528507;
88.4452200626129, 156.417474675589;
89.1693626043685, 156.401894137698;
89.5031660310681, 156.502817880073;
89.9004489057466, 158.572899062889;
89.7784368647749, 161.147069587545;
89.4085764015419, 162.239078276771;
88.9071863324602, 164.337997428082;
88.4365993377383, 163.795600018822;
88.4307175102965, 164.051235444348;
89.1232507944943, 166.105143213659;
89.6825053700671, 169.030054439072;
88.7138611353736, 169.641387199235;
87.9799875455707, 168.516084244453;
87.7341617266785, 168.028656663343;
87.4024352133119, 168.253126875078;
87.3254734803651, 169.016033289742;
86.051567919024, 170.167960743027;
86.6258450120759, 170.870843969439;
87.6286310026506, 171.192133792407;
86.8923004056284, 169.863110896792;
84.711541429412, 168.33644305407;
85.9444687223809, 169.453474146778;
85.3362065164504, 169.21224910381;
80.1299925867698, 164.045744838934;
82.6494056571259, 166.336113344601;
77.7996933066852, 160.317351965262;
82.415630394379, 167.565304859007;
82.5055470218839, 166.014692791703;
83.1390425308635, 168.243025102352;
80.6763247100616, 164.135901441416;
81.5100830420572, 166.753303703796;
82.5266138500647, 168.960613479463;
82.2959046171518, 167.32738904738;
79.991226154104, 164.677219143759;
79.1937727473564, 168.384858709205;
78.0836518553396, 165.533968057871;
79.3110923339984, 167.587618126635;
78.2507483176641, 166.619044624488;
77.9410938540746, 165.873971099007;
78.5395332285312, 166.400074386432;
78.7887703890869, 165.851712238728;
79.4669698832366, 164.288682829318;
80.5155563968413, 165.507123158483;
79.6512185131528, 164.509255238873;
82.7294943591061, 165.592924995707;
81.089840824356, 163.851710824591;
82.2013613057709, 167.383428289121;
84.2754401968859, 166.963898952345;
85.3757885394413, 168.110404402121;
84.8144489153657, 165.938262269249;
85.1495865976142, 165.680440572219;
85.3080585096641, 164.10121970129;
85.8035917721456, 161.928166684747;
84.7403097399995, 155.078336875963;
85.3889827413172, 155.848702680399;
85.265411637374, 153.388045705606;
84.9696417783553, 155.916513315076;
86.076123272236, 155.082573832464;
86.7068222620497, 150.110926163031;
86.9707682304464, 153.499942981932;
88.1045318018117, 155.53040289757;
90.2283725938608, 161.128355874159;
92.7073795597021, 170.455716640372;
92.1254246157418, 170.203308089836;
92.4532162095972, 168.731086783473;
92.3553594597143, 168.296264741833;
92.5291445303818, 167.030707940049;
92.4684788935163, 166.934285654063;
92.0468735934376, 166.438782631953;
91.7547241424297, 165.78046236004;
91.9969083350563, 166.085422422454;
92.3031859994164, 165.590843243988;
92.5476495234514, 165.50195722804;
92.2118621537516, 165.065143685906;
92.3358928918928, 165.686190370584;
91.607102675223, 164.402563209427;
90.8227569983828, 163.710634297054;
90.1161738978922, 163.648726332362;
89.6788597238526, 166.113352933272;
88.6449442583175, 165.838662917789;
87.4376861608696, 167.894739843157;
85.7258397349238, 165.908831193319;
84.5839925105494, 165.736904901508;
84.4175986479576, 165.439838175474;
83.8854566635619, 164.48575999116;
83.9431204668523, 163.552857056694;
84.1244703226972, 162.944132172917;
83.9383829185488, 161.022964674432;
84.0675552451406, 160.692081087109;
84.9244897057817, 162.019633386577;
85.6940493488168, 163.582000979601;
86.7510126094553, 168.264892042553;
87.4930267814835, 168.95599506449;
87.2428754778752, 170.166474086404;
89.2867135077321, 169.553264613561;
87.7122479105432, 167.236164835996;
90.0440765034584, 168.763159310751;
90.4912689154918, 166.807077959063;
91.0156435591793, 166.255635418231;
91.3805961935621, 165.729797136858;
92.0031573063251, 166.20450513406;
92.4186346687701, 166.485495805925;
92.4427163721595, 166.562268215328;
92.4565428995779, 166.525674114456;
92.5164570196834, 166.509149687689;
92.5381846074376, 166.48438197574;
92.3486461765196, 166.242905615235;
91.5780768209301, 165.440773944695;
90.7548772315719, 164.367685584654;
90.3966407977289, 163.518505890532;
89.8616814535963, 163.532467147701;
89.4435009659308, 163.51366730919;
88.9818089479899, 163.089258137731;
88.4687681872411, 161.84940145058;
87.7316978181665, 161.351721677784;
87.0864875280764, 159.957163458654;
86.8677691165091, 159.958071609071;
84.8189618912489, 156.272425444964;
85.0481662652778, 157.102921663401;
85.7837307098644, 158.930628505556;
86.0570199395598, 160.186898111914;
87.1010777703583, 163.450878653976;
88.2869280215404, 171.055482377236;
88.2453761752912, 173.128392499232;
88.1323618056347, 172.884617346365;
89.2781952108701, 171.883270540755;
89.7137781312329, 170.966482869728;
88.2646378287844, 170.04806121196;
88.5388960115898, 169.282139185674;
88.9278943829949, 166.541429769304;
91.1234974648173, 168.450410726029;
91.9004983631336, 168.820388618613;
92.1459457742479, 164.019448110186;
92.2628629609986, 165.668209302698;
90.2963416411467, 165.44221798818;
90.2911089146394, 165.047210257662;
92.6757608833124, 170.447391748208;
92.1548912789944, 165.656170818104;
90.1094849530528, 165.942147329775;
89.2360437044532, 164.393035404455;
91.8235642694421, 166.237354024785;
89.977512766961, 164.299805573559;
92.3989895715224, 164.603919109745;
92.143691070658, 163.923983016934;
92.4473220855706, 165.190819334336;
92.3166329245207, 164.318147397245;
92.3634098487253, 163.977387426895;
92.8803675132257, 164.1721463096;
93.3626044530163, 164.334921566424;
94.2712203541577, 164.688596408429;
95.2204439366406, 165.666567008977;
95.7678048260675, 165.850880724795;
96.8736876005452, 167.945939909079;
99.9979467071488, 173.960971091522;
99.5718853795307, 174.580180297236;
98.6661149431323, 175.091118194395;
97.3963440068408, 172.966896881145;
93.9975081154465, 170.199312539495;
91.4499431769639, 169.038509252557;
90.4295580393524, 169.185330750914;
87.8805169458511, 168.210610745864;
87.2145077653451, 171.644906422994;
86.3503484266423, 170.452268233601;
85.6042528274106, 170.382924154467;
85.2505230047299, 169.976933075671;
85.577570824789, 169.318317585347;
81.8724737383856, 166.17745168434;
84.5815993349605, 168.413302205412;
86.1060755286112, 164.692592829181;
86.6471385540602, 161.271153168237;
86.9742427844946, 156.702704491478;
88.3294505460239, 153.138549837679;
89.1856642605762, 150.66979707624;
89.6483506666676, 150.440098336828;
89.9976741352748, 151.647716608428;
90.3728743283611, 151.173279421349;
90.9334672452298, 152.835546788742;
91.0069394261732, 157.047254343732;
90.3135113835017, 160.10537607934;
89.2679732676592, 168.439824618283;
88.5832196224238, 172.133489123166;
88.3131581016468, 171.844260476047;
88.2439881556473, 171.585780318506;
87.9362714331448, 170.593794039116;
87.5697662956814, 169.623903064678;
86.4258449452367, 167.711836163471;
85.921994054547, 169.878731688695;
83.8570286091657, 169.159487731519;
82.3045069481917, 168.62780061101;
81.8317976745649, 170.402371509058;
78.9113589472707, 167.673473334085;
79.1031041471537, 169.887592609444;
78.3496277448309, 170.533732341146;
76.9805446865292, 168.991450337956;
78.0462046213529, 170.406353806323;
79.3750778619116, 169.289291117385;
82.3912280616063, 168.989498720012;
84.7101572620552, 168.475764404649;
89.2686526632665, 167.418970520167;
90.8716332642855, 167.590186312921;
92.8836185192915, 166.637828334931;
93.7214070532866, 165.637191562668;
94.6417926690106, 166.424507172775;
95.3619699776221, 167.15109032026;
95.6018914894972, 167.373107323677;
95.4427745780571, 167.421497531088;
95.0649905736814, 167.469946143138;
94.7689326189604, 168.573075078187;
95.0994395854803, 167.771370358782;
95.826895464009, 168.02754880002;
96.2880650254088, 169.229924381903;
96.8062275248799, 168.405007059077;
97.1052984460606, 169.976052400944;
97.1508261816345, 170.512666323628;
97.0666243604665, 170.603576921657;
96.3889512106889, 169.254092232603;
95.5594576222103, 170.24636891345;
94.9889790809798, 169.449797532775;
93.8085386565577, 167.447986303132;
92.8528400995848, 167.420405928045;
90.5482971796095, 166.542334709035;
89.3071493556129, 167.000470066099;
90.2158475748606, 169.393482654297;
90.1148286831309, 172.439934066496;
87.8940446825616, 169.304474168044;
87.9562969829021, 169.279135658156;
86.4203154097474, 167.825973685249;
85.0501221041067, 165.375022813436;
88.3919707826814, 161.573053444284;
87.6791487250474, 156.496771686716;
87.6746475027444, 150.046864912956;
87.5919528581236, 149.50561792319;
86.624860717931, 150.647378298151;
86.0521523069427, 151.77922024099;
86.067236365817, 152.632078888296;
86.8946151966978, 154.58200380084;
87.1737939188672, 155.480250359225;
85.5175679511761, 156.514299501998;
86.220996068358, 164.097317203614;
86.8466445110549, 169.478574092701;
86.6409829990788, 172.726764389533;
86.6079324428005, 170.995055099909;
86.5208326273392, 169.413940253637;
85.6232496377395, 171.042165934841;
85.2150046965089, 171.443069756282;
84.935507061942, 169.832199999416;
84.458477313497, 164.861870684234;
84.3480307053064, 158.876278010952;
85.7661728235048, 157.907550321074;
86.183847837062, 152.490345650431;
86.6567347910917, 145.099276899331;
86.975751352066, 144.192795936555;
87.1637009392604, 144.303449011591;
87.3313999623966, 144.905238836642;
87.5019877092278, 149.671149226722;
87.4932188165779, 153.255744038398;
85.8860921814178, 155.192604966459;
84.9685968560459, 159.633936919198;
84.5253043211342, 159.959913395526;
84.5370717215567, 167.188815097832;
84.3434509871523, 168.305823544919;
84.2036300940745, 169.935512313839;
83.5966286099979, 168.595862901299;
83.0006760734142, 167.904055858523;
82.8031427955017, 166.925524215494;
82.3175451947649, 166.432867796644;
82.0702046211649, 165.607132788904;
82.0198896629662, 167.90701260733;
82.4529947699919, 164.915387317881;
82.369480942322, 166.118710770033;
82.2711564403204, 166.731201498743;
82.1767374934403, 167.442676162329;
81.9349765244897, 167.592682537525;
81.4174606523678, 166.144128923784;
77.7297177104265, 163.227590581282;
80.768287474065, 165.469743993796;
78.1474630523882, 163.266389540259;
79.1683242891427, 163.443863709175;
81.9227658961117, 165.802128361431;
81.7460218480724, 162.953204932245;
82.2625622960102, 151.248205769123;
80.1575286893651, 145.770301843919;
82.3140288513937, 147.813930740303;
80.7476279628778, 145.307470731202;
80.378056764456, 146.133190024857;
80.74384838001, 150.342125481603;
81.5081435544886, 154.913680017518;
81.6393353624961, 165.886649702983;
80.9992701947409, 170.931917455704;
79.7721068297987, 168.492026755597;
80.1287568384457, 167.759059111509;
80.1382841963855, 166.310378673949;
80.176921879546, 165.317400383131;
80.4791792051369, 164.845536035181;
81.6320602475496, 161.948983484036;
81.7243284237085, 158.780724627015;
81.9810710599256, 159.952922510067;
81.7290226986129, 158.675360640141;
81.6046508534294, 160.438868115902;
81.248464474609, 160.889220670916;
80.9042697399158, 161.493451204539;
81.0486299031182, 163.429329561012;
81.0040106011468, 164.084013150264;
80.984438576611, 163.85704051035;
81.2762058805035, 165.025891482028;
81.6482524368652, 165.578717509872;
82.044242004577, 165.174723097333;
83.2802944404295, 163.123669312479;
83.7084725513371, 163.696783079062;
84.8049849027365, 157.139306685932;
87.2186991110154, 159.238142274552;
88.2268751628586, 159.538205814084;
86.7154848219368, 159.008453914088;
86.045711831335, 161.515512134855;
85.4817242346785, 163.098502043527;
84.930539201304, 166.563846479863;
84.7157354131425, 167.154300070061;
84.3548601199708, 168.263493881247;
84.1818115534328, 167.506073613928;
85.1177542770489, 168.423398917346;
84.6547829221586, 168.196843714214;
84.9840375323253, 168.738997508474;
85.5484596958548, 168.604195177249;
85.7751857590614, 168.330937459462;
85.8907301261566, 168.136955075946;
85.9976856572318, 168.172385736377;
86.0380410581699, 168.072128567263;
85.1081042304311, 166.501582907133;
86.9871998478491, 165.987733119919;
87.5560743716286, 165.748331262726;
88.916839906562, 166.722196368254;
88.2722795603607, 165.293576359921;
