157.00142962212, 160.522613453917;
157.599148673216, 161.093585630496;
158.448718776874, 163.47293373942;
156.997936794522, 160.508200915209;
157.186890224984, 161.312869436845;
156.508889731948, 160.245827818376;
154.625714063074, 158.602764812996;
155.488042112659, 159.038532807352;
155.61582905022, 159.567605848745;
157.837466104356, 164.874159747956;
158.135840763011, 165.41166614544;
156.351650537439, 160.748583636975;
156.149276988366, 160.239902605354;
156.141689915823, 160.299222723699;
155.505889009557, 158.979092875148;
154.610145834304, 157.721367189224;
154.257028147315, 158.291761233591;
154.402357724122, 160.146141919382;
154.207787929014, 161.791416152652;
152.839784897377, 161.573097890015;
151.330965253312, 161.613842545609;
150.81607213818, 162.269218652577;
150.263185538012, 162.266932930861;
150.083432044753, 161.940219708105;
150.331330803896, 160.50970957458;
151.152924259265, 161.35837545304;
151.899846485129, 160.557881080562;
154.038327823788, 159.222653477864;
153.793628647511, 155.08783011113;
155.016118933789, 160.284992895873;
154.776804554004, 160.136873837505;
152.99280439896, 155.704797240677;
152.940985141529, 155.170082683078;
153.027782166013, 154.306054007787;
153.027640691297, 154.076168795234;
152.999586894981, 154.284233528062;
152.435508445191, 154.150969279436;
152.679400708422, 156.099273317361;
153.141252263193, 156.934393768649;
152.091281951862, 156.885935547336;
152.344243055932, 157.005147289698;
152.242473534525, 156.486592131781;
153.122325709952, 157.010491196887;
153.416821822267, 157.429714476667;
153.589093606006, 157.182553461789;
152.209488159414, 155.257868582297;
151.851000327265, 154.863814499467;
152.932464700375, 154.336106203316;
153.950732168577, 154.97223890707;
154.194716268432, 155.184574975061;
154.208202286537, 155.376786465203;
154.148002585669, 155.31443793452;
154.076692965825, 155.33210517804;
153.963790341142, 155.220700728931;
153.284270932543, 154.796800605512;
153.616492681818, 155.068838453254;
153.42416154337, 155.203368234349;
153.132987894935, 155.138964287306;
152.457715748843, 154.654410237415;
152.136356133802, 154.539794478534;
151.94998549091, 154.422061664208;
151.802803876569, 154.27124584754;
151.663036988651, 154.201527477168;
151.454079807927, 153.994638111693;
151.407863830706, 153.989984818484;
151.388219433993, 153.990632118943;
151.355414684104, 153.896750506582;
151.403338772695, 153.838312778745;
151.402264868971, 153.742040691132;
151.349368450631, 153.711785294589;
151.329743058699, 153.666470627517;
151.41314279336, 153.631514248595;
151.366805056756, 153.64635984212;
151.258497222029, 153.540157595499;
151.213798922271, 153.430929085178;
150.138053033691, 152.619666015223;
149.2093179091, 152.674387206329;
148.707579467589, 153.073432505538;
148.225680423287, 155.397174392249;
147.307310938731, 155.190855567839;
147.099608932024, 155.408865223002;
146.917211575832, 155.077205970498;
146.405710463999, 153.621523111998;
146.882287558518, 153.666704240612;
147.696118656116, 152.188606915317;
148.81840312234, 152.876790883474;
149.423261087817, 152.666928438291;
149.353371461043, 152.808852421778;
148.721719851514, 151.835007763917;
147.377090974357, 151.21568005179;
147.11602846909, 151.209545300265;
147.504085872463, 151.707543942055;
146.879880910679, 151.362527844127;
146.549034363296, 151.285866710262;
146.423190878849, 151.686238033501;
146.017447948337, 151.332655969466;
145.735515531619, 151.060377984379;
145.811839218006, 151.94335472258;
145.358724042912, 151.323135114799;
145.172315670121, 151.180788401021;
144.738061177907, 150.65114198222;
144.107660552107, 150.066598138889;
143.711931783144, 150.560379320545;
143.363849943564, 150.058093603147;
143.188760546997, 149.979887597003;
143.154433651771, 150.039217314333;
143.054821962286, 150.217302930779;
142.961677715187, 150.146617975935;
142.733357224571, 150.090971263755;
143.172939191752, 151.061601970391;
143.397242638981, 151.111139200374;
143.404929847366, 150.737644868118;
143.173385417062, 150.890780382459;
142.973582543296, 150.827757621205;
142.697775274216, 150.546030087411;
142.551071374048, 150.648897143221;
142.507581109121, 151.09167488578;
141.746159050492, 150.309530258342;
141.879027527712, 150.637948924287;
142.157171707374, 150.314784670178;
142.062272115926, 150.00866876773;
142.643708184744, 150.763657882633;
143.690640780499, 151.981382856642;
144.21609781895, 152.763355927153;
144.590756828963, 153.225551939148;
144.914284835791, 153.364943693515;
145.033524503456, 153.577435096271;
145.114594749643, 153.50253970878;
145.13194326471, 153.53304032127;
144.963048257508, 153.51238952786;
144.951234490731, 153.684592144678;
144.913225649289, 154.096846202301;
144.907437460422, 154.296877212956;
145.091198884519, 155.06874566321;
144.560643158061, 156.478170266503;
144.230893795705, 156.953635927326;
143.968094198514, 157.090617330579;
143.753259489908, 157.017934194302;
143.633092549949, 157.053234206003;
143.55801166115, 156.932722206341;
143.245605258042, 156.705677477581;
143.181707909002, 156.71503394361;
142.776330173667, 156.344190650599;
142.480643453361, 156.049373524196;
142.348994496761, 155.726065989124;
142.285933118958, 155.656290071603;
142.081567889556, 155.315064048708;
142.078753119476, 154.956082850969;
142.340064050016, 154.553251618876;
142.965092572189, 154.481511291237;
144.17847558162, 153.686050930723;
145.498566913469, 153.927906075914;
146.494234324432, 154.31536147401;
146.391377915351, 154.458927577143;
146.762383994773, 155.064556704446;
146.940248415063, 154.866030317284;
146.704295118623, 155.180228418296;
146.42329345828, 155.09859700791;
145.895753571646, 155.652349225965;
145.355852770267, 155.575301109718;
145.245632657932, 155.586432224359;
144.875733707215, 155.036723207756;
144.766649608712, 155.169952944805;
144.625436667901, 155.292827728145;
144.474131843192, 155.520355420407;
144.346487188096, 155.831725460206;
144.01376925386, 155.919557148566;
143.858756815666, 155.812642360608;
143.974274955718, 155.883398333169;
143.806407413114, 155.979750022373;
143.69831927449, 156.32567591863;
143.741567419189, 156.09063480243;
143.550153037715, 156.218147911081;
143.506715821768, 156.608397566569;
143.556756915986, 156.766379190619;
143.609191769495, 156.87667666296;
143.553328595303, 156.967080837324;
143.41938824438, 157.132625879072;
143.313424008733, 157.115892599882;
143.113041215959, 157.209763241728;
143.075414637446, 157.285340142487;
143.034750687696, 157.592135774952;
143.03294323583, 157.465174796594;
142.589557824024, 157.210452555022;
142.634510985174, 157.173052262687;
142.575312795905, 156.82577847213;
142.19127817505, 156.000531001329;
142.671154056445, 156.265636482293;
143.092890802086, 156.261018335592;
143.278396310271, 155.775948722692;
143.218544740305, 156.07733474954;
143.319357878684, 155.771234239779;
143.008411844265, 155.520324218279;
142.616284212861, 156.004970715263;
142.330373291518, 155.848101457958;
142.094520697286, 155.73837339147;
142.142779647751, 155.664525794087;
141.951977051518, 155.468554040089;
141.508365580477, 154.450280216667;
140.932202658548, 153.997907514875;
148.846323900035, 152.861529539309;
148.76900363429, 152.837442643793;
148.801704011827, 152.203367930778;
148.823387843723, 152.048350400244;
148.806547208163, 152.068449018189;
148.687317865022, 152.704731733911;
148.474830388389, 153.010769389811;
148.221618533733, 152.970411296165;
148.115399727981, 152.729651894757;
148.187000762232, 152.636695428845;
148.354920361508, 151.894614840668;
148.397799080283, 152.073287010234;
148.324955823472, 151.997961395769;
148.29976203855, 151.906041368153;
148.309625473973, 152.121202927746;
148.285749434453, 152.54348210175;
148.192448562665, 152.494815540995;
148.143730632721, 152.836728706196;
148.247126179608, 154.45069901121;
148.368813076867, 157.898324975528;
147.309408231413, 160.06893432985;
146.862372710889, 161.041390487754;
146.695345611164, 160.957879988169;
146.807362198712, 160.347896725611;
147.000576887864, 160.507060278008;
147.152157817741, 159.897641978022;
147.458898811777, 158.496862112438;
147.704042498528, 158.259283609763;
147.893425344936, 156.180625864341;
147.86058742317, 153.31985203746;
147.865356336847, 152.635283825132;
147.770711941869, 152.384940751654;
148.958354921064, 156.446132969118;
149.366808205935, 157.42390383695;
149.769686722949, 157.877385335482;
150.244195030555, 158.466411821019;
150.239874174033, 158.574486062764;
149.857778511813, 158.139617405215;
148.049407451669, 153.933467753574;
146.749469915246, 149.707891782085;
145.871067750699, 148.518848516523;
145.52166004633, 149.026184533225;
145.265449097388, 149.13193667398;
144.959664438606, 148.523414225173;
145.156065069161, 149.486936705517;
145.687467094197, 150.271961028659;
146.238798712111, 151.032194035175;
146.32987979447, 151.218293374503;
146.31653156409, 151.452558729937;
146.353710660739, 151.393332620436;
146.352933295304, 151.338625180807;
146.395763635596, 151.326185176872;
146.416792401299, 151.29750985665;
146.349173181643, 150.984475357491;
145.914237109958, 150.292656530256;
145.914353572587, 150.263132717101;
145.815997650169, 150.38471676794;
145.747653038256, 150.608570010141;
145.700602912775, 150.602593081973;
145.752204617531, 150.587435420952;
145.781881400781, 150.672775526635;
145.878593878862, 150.712368410672;
145.969338319511, 150.81980205857;
145.917065800239, 150.959624214097;
145.793621627683, 150.941329369815;
145.93015006441, 151.005590927363;
146.018411351007, 151.323500000132;
146.29749798882, 152.038844445946;
147.241547880873, 153.643623008051;
147.68883872456, 154.390202738691;
147.702663711684, 155.321495792832;
148.130657659228, 156.927699617422;
148.254410961532, 157.447155944146;
148.447311649533, 155.916653089402;
148.532175931774, 155.308224695301;
148.563557354566, 155.521588742078;
148.434666708792, 155.218163642639;
148.410449887291, 154.877546687191;
148.30336216967, 154.48500847083;
148.151976006781, 154.107574632862;
147.98296322306, 153.696335050924;
147.798353611143, 153.330615058843;
147.485275985184, 153.032715794649;
147.193905770779, 152.972296388208;
146.841470083387, 152.468091256719;
146.657813475235, 152.434560026414;
146.396544018058, 152.507913469972;
146.518444206864, 153.152676931135;
146.434170603462, 153.323768600128;
146.286612030223, 153.028595985483;
146.253614094103, 152.924177942903;
146.374170894989, 153.432417953158;
146.509871716406, 153.150480611;
146.613132716689, 153.131239867075;
146.959278737871, 152.307460255605;
147.185584361297, 151.272681709888;
147.493713806298, 149.856436780479;
147.485817253119, 147.017358471564;
146.70502953443, 144.512976688547;
146.408931831924, 143.942829598063;
146.343330758796, 143.49805060699;
146.959409815861, 143.205521933323;
148.192915129674, 144.681897024758;
148.690678233802, 145.169222841639;
149.60124945896, 144.91310704208;
149.660761257659, 145.271537427219;
149.576605830872, 145.155839864155;
149.014937545451, 143.877160300102;
148.035577863418, 141.776216766895;
148.074444758876, 141.572576447984;
148.069314445556, 141.390084027655;
148.064568138005, 141.692693758395;
148.023239925202, 141.921545349418;
147.876553779433, 142.103388431893;
147.822015077348, 142.247684671549;
147.540810960418, 142.019216794264;
147.26244479742, 142.225789477468;
146.58906877805, 141.11581234726;
146.199350472658, 141.268980228553;
146.179357175923, 141.59993855747;
146.715066062858, 142.443813948512;
147.295132128972, 142.155221612697;
148.49465836021, 143.898298775304;
149.5468241616, 146.307074643703;
150.754672057404, 149.983395115247;
150.899193492678, 153.893014546302;
150.170690409469, 154.974169466892;
149.631997991878, 154.620001104656;
149.318883704134, 154.627029173264;
149.132591437252, 154.82375622492;
148.918860312075, 155.03780757587;
148.618197141281, 154.823813977284;
148.49880219094, 154.691368131699;
148.256031247584, 154.5172093618;
148.0906620622, 154.286011181117;
147.82929850324, 153.797884053777;
147.02765587136, 151.770459206992;
146.3570289016, 149.669841173537;
145.61929221099, 147.860987677002;
145.128959325919, 146.893708839759;
144.909439723426, 146.691952751126;
144.742251016475, 146.842484467042;
144.612984198745, 146.702811406779;
144.398835293833, 146.495857419653;
144.285606713754, 146.363178903527;
143.52328013451, 145.543184111497;
143.663221966293, 145.728474004281;
143.341033670341, 145.575294295904;
142.695151990959, 144.841542204378;
142.376269317195, 144.429240615993;
142.571985914291, 144.752563003627;
142.528178750793, 144.855119437829;
142.676046980703, 145.122372161792;
142.395541372497, 145.125412297;
141.556570231954, 145.303390494174;
141.436001602326, 145.963311208588;
141.345089834819, 146.407606112909;
141.35774882927, 147.095585492374;
141.568812859121, 148.028801417198;
141.764076326104, 148.791869476461;
141.865394193943, 149.0852834845;
142.065915048448, 149.455198485073;
142.340732988472, 149.800751299379;
142.573132957034, 150.022340188329;
142.689342385512, 150.009412374007;
142.658010839517, 149.072603564793;
142.595458249371, 148.688915722615;
142.578925032537, 148.458897457027;
142.238344428237, 147.901959101166;
141.514221697169, 147.239383206406;
141.032352774781, 146.703707290149;
140.838169113039, 146.33825535552;
140.430941166371, 145.889706951098;
140.168500567407, 145.636626786659;
140.086927059484, 145.637226068885;
140.157675462703, 145.756974763374;
139.949045614493, 145.542439529787;
140.006243950134, 145.683776466677;
140.224972601899, 146.030818093409;
140.386830286441, 146.211875812545;
140.32726487428, 146.269487566456;
140.304550712566, 146.13424850388;
140.347920446923, 145.979622042057;
140.306355234623, 146.088630760397;
140.153345453863, 146.227514416606;
140.192368840836, 146.39710425053;
139.768654372347, 146.179792115378;
139.496548720665, 146.027600899562;
139.00222264132, 145.359579114307;
138.629279035917, 145.622408242841;
138.286567983079, 145.865960895583;
138.019115251537, 145.625877640051;
137.816660541135, 145.793470595962;
137.857167691282, 145.939073664125;
137.993153142069, 146.313528243131;
138.126205238435, 146.581965281898;
138.23544834585, 147.199616470007;
138.631481584179, 147.816939861415;
139.458180747038, 148.550228767599;
140.168714600947, 149.319931414625;
151.994216383587, 153.866082674472;
152.184446783067, 153.560039646132;
152.219670194467, 153.945472872115;
152.293622721288, 155.107535960983;
152.134357471343, 155.408119890114;
152.126520497714, 155.779020502789;
151.90263846085, 156.001325546715;
151.667512652583, 156.266585029011;
151.061528397783, 155.510057921058;
150.828039483747, 155.45530328328;
150.727824472441, 155.482966897223;
150.462185753056, 155.476907156263;
149.954775367479, 155.375983962986;
149.918817714978, 155.876532579983;
149.610019912977, 155.531545804367;
149.433020617375, 155.714948117957;
149.25071457309, 155.850834085575;
148.970891205037, 155.65237807583;
148.689971139758, 155.604475085516;
148.514633396087, 155.516198440062;
148.385177412936, 155.898453521605;
148.362655817851, 156.26384527573;
148.118449215208, 156.090617703565;
147.804550000028, 156.78702882192;
147.361353121648, 156.905073454443;
146.566328196186, 156.522078654644;
146.357863183534, 156.193105598965;
146.264414261454, 155.802871094843;
146.257867612396, 155.820499541897;
146.157693432747, 155.714995861292;
146.245892542851, 155.795708406008;
146.446403041541, 156.269220216075;
146.326826762661, 156.332180731901;
146.386098578772, 155.814328266751;
146.381352650024, 155.639815972468;
146.394514688809, 155.455394428268;
146.498210270816, 155.564878711438;
146.616713513672, 156.010443122366;
146.645805626603, 155.904970221341;
146.869200097442, 155.832203764422;
147.054664308095, 155.75757173017;
147.211972279931, 155.810201087913;
147.325412231965, 155.811476798401;
147.603096537849, 156.242436337893;
147.936777672324, 156.436988102672;
148.154128382658, 157.05671656948;
148.325755834656, 157.294239542781;
148.317192333237, 157.199606029449;
148.33984932202, 157.149475640277;
148.353450357616, 157.153101176326;
148.3598845817, 156.899974144685;
148.354584282406, 156.963643718454;
148.337096446333, 156.997266139148;
148.375039299563, 157.037343001761;
148.439315029087, 157.19604192603;
148.482109009915, 157.183406204741;
148.556820762548, 157.23329684447;
148.555338820156, 157.23693540851;
148.518388235354, 157.184120805321;
148.521234478762, 157.21651478621;
148.449018704795, 157.206121361712;
148.449385673473, 157.260960395087;
148.486605333351, 157.363752287716;
148.41106148043, 157.233990366238;
148.348259491778, 157.188315173551;
148.37860204133, 157.271186781744;
148.368491864062, 157.303231979625;
148.346352595576, 157.28088348085;
148.291070437128, 157.267137693683;
148.331369283221, 157.394694756667;
148.291582148002, 157.508521841698;
148.241279039801, 157.522891595896;
148.243659495033, 157.611243474874;
148.258618033205, 157.781622283676;
148.195591389518, 157.764306721837;
148.177183757183, 157.811092404788;
148.128156773312, 157.909636714238;
148.038065851629, 157.937954856513;
147.962570965498, 157.878943165191;
147.927372638568, 157.986540618638;
147.848421528854, 157.726633963698;
147.829001445612, 157.555413141307;
147.731710655816, 157.504716965029;
147.605155333574, 157.462979690207;
147.550765830456, 157.435984997595;
147.551545615467, 157.522439477325;
147.524156221209, 157.573910204607;
147.491396539972, 157.563974605726;
147.461293119363, 157.5172924936;
147.453694388858, 157.566650514231;
147.396669190631, 157.561294047769;
147.352400862414, 157.571853974226;
147.259105059683, 157.730194966352;
147.226454219206, 157.897574965176;
147.138299484806, 158.063355000666;
147.103471597514, 158.269981653333;
147.076865804479, 158.365340326818;
147.102547651291, 158.962796260065;
147.490478994846, 160.283043318706;
147.792645451931, 161.275473738974;
147.79366818497, 161.657888640024;
147.757905246657, 162.222943934991;
147.7473043292, 162.261448923724;
147.694616329209, 162.112683777129;
147.603320092464, 161.764060992281;
147.44627560454, 161.394232955039;
147.308062943397, 161.285175930548;
147.227421228454, 161.386006069331;
147.024070795365, 161.303657297827;
146.858505299433, 161.209270236816;
146.679659952842, 160.977293013032;
146.653663209965, 160.955868897102;
146.656528107, 161.019742569432;
146.638410396813, 160.982541980058;
146.598408269102, 161.090553344098;
146.540914660159, 161.126791280912;
146.506723027249, 161.161170005975;
146.444646614361, 161.377101388059;
146.380288458878, 161.503745887894;
146.194842566293, 161.282738403106;
145.949878329895, 160.918314169734;
145.890651121359, 160.259370097466;
146.086276135578, 160.260170085614;
146.11400308464, 159.533993500625;
146.058608357479, 158.309996712967;
145.454791657738, 154.757970956543;
145.675211973393, 153.715670526711;
145.635554537202, 153.464599678353;
145.160670709214, 152.899682768675;
144.783953155567, 152.534457644786;
144.569987987713, 152.27505417255;
144.490384880365, 152.322983540088;
144.529289488485, 152.526766520598;
144.28674001128, 152.974618129122;
144.295603835652, 153.607469928871;
144.18328686273, 153.620786241853;
144.118267554088, 154.521101554902;
143.852774096637, 154.56716726828;
143.67171376535, 154.553770762427;
143.725536768795, 154.79676553357;
143.739465004446, 155.047254283605;
143.734200429257, 155.324212368169;
143.792030099327, 156.052384775055;
143.998305829051, 157.551766101714;
144.110277490465, 158.683090678886;
144.167715598282, 159.83662384335;
144.076860348984, 160.323872583764;
143.912325830596, 160.570985221822;
143.442692604284, 160.752203907308;
142.55319910362, 160.134181723258;
142.141841860576, 159.84162642567;
141.667696815664, 159.582904577532;
141.385564081143, 159.666815846799;
141.268261795317, 159.610960591499;
141.00823826818, 159.413855290665;
140.807818852444, 159.211500984158;
140.753864552032, 158.975827752316;
140.76548143804, 158.355551952655;
140.957364277277, 158.001314083632;
141.199584744261, 157.193823310833;
141.514102372271, 155.79609895355;
141.667152712838, 154.364252881991;
141.783764419829, 153.407418062663;
142.085099636498, 152.376071935863;
142.077894014603, 151.975398857836;
142.016432092041, 151.843514482568;
142.021632258948, 151.903327017427;
141.96970513891, 151.789044274461;
141.93086504881, 151.854061872942;
141.890862328749, 151.880473837455;
141.906895226419, 151.889107652784;
141.838509948933, 152.120490500343;
141.733140850777, 152.206116265771;
141.534012739277, 152.381180331012;
141.309388452597, 153.166805544748;
141.207963068173, 153.50385138804;
141.24981362827, 153.560568239905;
141.25087348836, 153.501264328833;
141.25123117966, 153.422735384391;
141.307674096429, 153.306049055899;
141.953621553069, 153.042813009693;
142.930912564761, 152.555256341818;
144.345287856224, 153.997140729019;
144.733804158954, 154.444495633137;
144.824992882318, 154.683312416221;
144.941982705391, 154.937047922184;
145.033594842623, 155.102186757691;
145.118539006898, 155.380047435191;
145.207698426097, 155.721106486047;
145.436555426319, 156.184528320744;
145.487328684709, 156.328161104724;
145.439466354861, 156.448443437451;
145.394153537802, 156.548378754673;
145.020089257712, 156.454582370031;
144.562793435105, 156.066744698965;
144.341473136265, 157.230881135437;
144.052321234161, 158.310229242924;
143.565204756153, 158.213162518316;
143.036639114069, 158.061079813652;
142.533631634237, 158.076334994365;
105.637345613921, 170.503632073196;
105.721538304928, 170.583668006065;
105.732719555125, 170.738899596832;
104.6830616929, 172.208152982621;
104.513984893661, 172.694030911642;
104.596690235765, 172.974006197529;
104.894830144708, 173.604782580465;
105.40048773291, 173.499026785273;
105.697388571464, 173.455525568602;
105.925457022795, 173.277799158269;
106.045651078514, 173.045504588609;
106.071780030372, 172.988054446338;
106.140536005186, 172.953075479079;
106.281269583462, 172.90027368875;
106.375671665313, 172.837683637531;
106.330059632978, 172.98365356794;
106.349624164922, 172.872469714882;
106.416821036431, 172.985607619396;
106.474428672722, 172.866088681414;
106.414087915493, 172.659916061804;
105.206491067261, 173.251561381961;
104.798724771306, 172.962215924769;
104.723340541433, 172.942008847373;
104.405581519812, 173.355109536548;
104.304825138346, 173.452742193299;
104.393679895005, 173.35463816097;
104.396304049322, 173.421248193346;
104.599389793293, 173.229459876709;
104.712199775516, 173.111254757192;
104.673744485892, 173.197503459982;
104.835034308082, 173.004434541102;
105.027682430931, 172.744789066064;
105.2124842771, 172.578000384178;
105.293054108943, 172.625139783783;
105.297681484237, 172.724187253657;
105.350019935923, 172.863878422213;
105.555264838029, 173.369041964727;
105.629554450505, 173.472770039452;
105.403722122512, 173.623807429139;
105.30001701909, 173.327154284776;
105.511509413336, 173.797489116488;
106.868062476916, 173.793784058425;
108.338428362842, 172.984205720045;
109.24297193565, 172.543763151242;
109.574030069697, 171.818823299991;
108.828125665025, 172.536478522501;
107.445465061171, 173.025430688261;
107.597495266766, 173.189575144863;
107.741173553748, 173.349958801142;
108.43651350259, 173.215049358257;
109.403586378357, 172.38150599045;
109.742503151184, 171.862522748934;
109.262105527551, 172.619062100605;
108.926944797174, 172.245082891527;
108.631337839481, 171.798378225175;
108.142881776219, 172.208127312657;
107.377400583311, 172.564546493648;
106.761269646729, 172.435591419198;
106.598790848334, 172.826409604168;
106.662682943846, 172.901441121373;
106.869486688388, 172.588033424729;
107.037954828597, 172.687884266769;
107.158500200084, 172.758168739498;
107.220423819837, 172.764952791155;
107.203411248255, 172.827323492287;
107.0301480284, 172.835291728864;
106.906764298255, 172.721451701709;
106.533111766665, 172.894458682917;
105.429538291817, 173.586220553956;
103.671300304158, 174.858097682486;
103.122355576769, 174.07048753463;
102.959516400484, 174.707112461231;
102.761082308559, 174.937185573308;
103.341243166172, 175.805600731321;
106.875354114607, 173.627182953528;
110.058144235747, 174.21739995378;
111.920586726731, 173.013518565203;
112.461834117767, 173.034641376768;
112.486377667308, 172.329313064681;
112.30844312132, 169.062247626181;
111.572845228394, 168.44486936975;
110.436318390716, 170.950832637415;
108.849584011433, 171.769500244884;
108.351687614379, 171.551666258165;
108.04969526449, 171.342116646935;
107.499304312733, 171.858321155504;
107.050026407732, 172.531019458009;
106.651006863687, 171.753668391277;
106.25888644103, 172.007769178925;
106.124237614081, 172.256893407674;
105.948133917513, 172.667799289925;
105.995698365054, 172.899671661852;
106.185733636214, 172.977101913334;
106.254169247298, 173.011625763282;
106.351090118569, 172.97662378871;
106.296528025853, 172.841609636427;
105.874511925757, 172.486947170333;
105.261750562859, 172.722954365772;
104.252574941838, 173.347414091514;
103.881372968535, 172.458394678445;
103.796438911323, 172.99593134859;
104.254984177057, 172.881458525758;
104.37610638558, 172.87404077892;
104.69402693042, 172.600838444738;
105.094125385422, 172.372349579577;
105.192709115033, 172.213508258341;
105.475833422004, 171.729800507402;
105.488961954971, 171.640448219515;
105.531254663869, 171.525329300501;
105.140851631594, 171.519084674243;
104.965089112117, 171.385754758652;
104.718541275989, 171.593807599196;
104.660038956911, 171.583407710152;
104.345174778125, 171.732023548519;
104.201726992395, 171.492478106576;
104.005718691404, 171.13587809784;
103.833350083523, 171.339987929045;
103.940918157971, 171.641657467805;
103.843539615286, 171.99970635173;
103.683454921203, 171.790770967603;
102.827707471232, 173.682566784699;
101.683321377178, 175.714458114503;
100.673734631317, 175.995668463429;
100.553854683473, 175.517415152524;
100.364451658983, 174.64465305698;
99.9433666642188, 173.367211891159;
99.4818803177225, 172.445246088651;
99.275000282735, 172.887157838651;
100.260712258749, 173.012384878759;
100.581337463225, 173.629665880772;
100.663430975917, 173.897319055222;
100.625929198082, 175.532906650938;
100.755022154113, 174.64664990873;
100.965967413632, 175.410588709258;
101.203011813331, 175.466064914779;
101.235559280969, 176.079493909701;
101.469230044986, 176.661978193574;
101.885162299741, 176.796463036258;
101.454511091327, 177.596949657587;
100.47070530745, 178.561831278295;
100.203003943424, 177.3420156994;
99.9005983025042, 175.692679731786;
99.0159937943659, 174.018564673165;
98.588340582417, 174.998934003645;
96.7908376855901, 175.079808398606;
93.9888719266287, 174.122501470886;
93.7127643204922, 174.291240115859;
94.2054085791695, 174.439437347071;
95.1276428424376, 173.672751255567;
95.8322162989911, 172.809933725743;
97.8145433214289, 174.073869709063;
98.7713420025508, 174.108358158729;
99.0020543897104, 174.681171585957;
98.8182007216389, 175.151723936904;
97.4656036734056, 174.901305769537;
97.3605919354766, 174.736555277188;
97.4641782174456, 174.386064157479;
97.4332611801271, 174.335564687314;
97.3487099874127, 174.473732174302;
97.4145746856261, 174.615707156925;
97.3584041666228, 174.531069160031;
97.323479424395, 174.892592255155;
97.1514521427859, 175.662600728795;
97.0037159184384, 175.629631506007;
96.912868552402, 174.973089920064;
96.8957850533544, 174.603126514478;
96.8981085745494, 174.331500303904;
96.8689636953423, 174.411023537961;
96.7346477564066, 174.367425894714;
96.5770972442357, 174.439571753259;
96.3063840066204, 174.41737578415;
95.9038085832842, 174.658489077791;
94.6594614688065, 174.129312895904;
94.8870160028418, 173.493250834125;
96.014681731148, 175.538140334921;
96.0463940391382, 177.74427216043;
95.8020721790506, 177.979295674222;
96.1079338993355, 178.355547906954;
96.3982361210071, 178.705564473765;
96.6288863291557, 178.48140711905;
97.380479999066, 179.03431591481;
98.2809595067017, 177.960977647824;
98.3977148213788, 177.609630693315;
98.828207339679, 178.413351208545;
98.9234324122841, 178.310795357752;
98.9363873744264, 177.947509742297;
98.9885039817469, 177.452946848474;
100.108722935143, 177.624688846539;
102.872625107655, 178.778646769644;
104.547601726517, 179.396780936475;
105.597552507068, 178.044383438131;
106.225921181339, 175.684236259574;
106.660055129887, 177.905617420489;
106.815319383587, 177.328325203713;
107.204880863564, 179.019240994882;
107.532504874832, 178.164751734044;
107.764390214595, 177.629510026333;
108.750760198853, 176.496644939421;
108.036076846585, 177.471031637922;
107.47004853152, 176.121935725802;
109.304628917766, 176.02876933913;
109.728945894531, 175.678415204039;
110.870040195072, 175.004736523022;
111.74466779751, 176.698348321482;
112.448353788526, 177.047714644985;
112.377882964535, 176.681998354774;
111.482052245238, 175.513544637335;
110.384363904468, 174.221949027417;
108.949155777165, 174.577727563461;
108.656728324249, 174.688534737965;
108.374871801767, 174.78637128423;
108.542417161497, 174.482158042246;
108.843481878285, 174.73126700415;
108.900453366838, 174.65246389612;
109.043739017975, 172.986531091001;
108.454181878792, 174.877063281436;
108.640421075538, 174.903486752314;
108.743294852279, 175.029938686708;
108.626311377565, 175.324040424942;
108.54899903445, 175.506765944933;
108.585517003972, 175.159180736604;
108.721717015769, 174.805744105497;
109.38151208752, 174.266166661263;
109.380048032388, 174.26856787301;
109.171251129652, 174.155268974656;
109.164902575186, 174.433373388393;
108.836810554725, 175.031905396039;
108.665382462828, 174.736302774062;
108.476126579785, 174.386561630726;
108.467911577779, 174.15941286418;
108.422807612362, 174.08661783614;
108.147932281762, 174.302365947685;
108.578322315141, 173.180079984697;
109.068771958498, 173.362067956575;
109.366182335818, 173.176495945263;
109.29463242329, 172.828477719778;
109.096796659566, 173.433737144894;
108.949661601375, 173.772302613316;
108.905312130237, 173.609202677163;
108.774576382928, 173.854181554724;
109.251761260337, 173.558603306853;
108.683002799202, 175.031803064129;
108.543928969342, 175.934355411911;
108.531760871987, 176.512706747377;
108.539563083108, 176.42785291678;
108.554411095001, 176.25693771406;
108.575112923515, 175.763810362092;
108.569781421946, 176.481749496733;
108.902511920994, 173.97557963644;
108.290832975704, 175.454124895093;
109.439961952126, 172.744422320041;
108.565545108699, 172.684309583487;
108.300294377608, 172.633915442089;
107.919466229058, 174.732898078745;
108.294847810007, 176.23620895716;
109.068859180928, 175.54553925276;
108.842694131477, 175.415364253957;
108.930244328647, 174.855680124993;
108.741579676156, 174.036789457268;
107.994991179648, 174.847735302847;
107.905507334652, 174.575559316908;
108.190167922865, 174.259406131553;
107.949380304272, 174.43479234901;
108.099589574251, 174.227942208495;
108.202848136595, 173.87625730513;
107.814755772649, 174.00694360187;
107.375644914595, 174.356107741377;
107.323809673039, 174.09109319987;
107.170934547722, 173.503551922081;
107.606286983064, 172.954622393102;
107.858400937811, 173.090293323913;
107.941974343154, 173.011739007775;
107.984420883505, 173.089992090452;
107.796525593432, 173.8777984199;
107.741110680524, 174.196107550051;
108.055095298546, 174.856826648408;
108.107351825856, 174.404258994346;
107.926814663588, 174.431891756985;
107.986740873499, 174.704838390576;
108.134708909252, 173.759635625608;
107.918789885659, 173.805600754075;
108.029080802167, 173.509274372349;
108.525633391221, 172.798275785812;
108.593035525946, 172.59932906591;
108.784077966874, 173.318596279764;
108.741915338252, 173.173080106118;
108.825994686539, 172.194851890318;
109.083558356125, 172.657003171807;
108.923001952293, 173.02498307626;
108.892426539555, 172.955957270434;
108.727468675471, 172.391883783117;
108.833663023787, 172.610281476281;
108.663605930633, 172.034785658159;
108.501843825903, 172.224308974899;
107.908257798942, 173.547823266024;
107.381308305577, 173.730419377056;
106.999031330966, 173.994971256242;
106.017538587226, 174.47596864632;
105.409347893637, 174.598639220182;
105.239048309434, 174.700860462798;
105.082155709319, 174.309402644164;
104.640043531466, 174.815406930098;
104.731528479164, 174.417697820522;
104.816629858227, 173.845491278248;
105.262010989105, 173.063136941571;
105.71923631657, 172.517679407812;
106.040476779212, 171.807070579535;
106.615651353998, 172.07887489916;
107.255582993785, 172.352428853612;
107.254277746793, 172.057081474493;
107.223794953525, 172.268886294297;
106.980753944317, 171.910761725051;
106.515663329585, 172.452185677516;
106.309508810241, 172.773831964686;
106.247842751343, 174.1336151471;
107.012124239342, 174.054347504099;
107.03686799253, 172.899109558898;
107.524696766051, 173.321238741735;
107.560727758533, 173.483848899442;
107.533038424282, 172.611341950774;
106.88206960639, 172.719826566664;
106.425811385476, 173.357714046552;
105.85405007693, 173.402718805541;
105.969747222978, 173.514098040691;
106.186251685252, 173.411128533606;
106.448348765212, 173.043513219267;
106.435350632092, 172.989803402366;
106.467145981001, 172.840760367392;
106.589707836732, 172.779469807459;
106.54874518454, 172.94046034249;
106.572523474711, 173.242946124412;
106.571188783544, 172.771350579976;
106.562195826295, 172.833407355798;
106.544986018853, 172.73448463198;
106.507303273853, 172.838680575593;
106.471225433323, 172.911789561301;
106.438105933706, 172.987373972142;
106.35839088837, 172.635209663347;
106.213588942838, 172.814328671743;
105.994721499132, 173.077580479718;
105.157285546238, 174.066132078546;
104.089021728837, 175.644655880001;
103.898708883147, 176.433139125507;
104.02663628389, 177.621110700613;
104.960958084817, 177.818430163986;
105.182749115462, 178.025978999766;
104.993547052401, 177.874549248234;
104.752482502387, 177.711387005452;
104.60324518941, 177.875807607665;
104.178496526022, 177.917172986774;
103.275868547463, 177.985865702496;
102.118537096088, 176.455921428682;
102.220739041572, 177.113937037845;
102.340742600966, 177.454494748027;
102.442309368118, 177.705294580974;
103.133559960583, 178.756496340322;
103.795069949186, 178.922589630246;
103.646988770828, 179.029005315175;
103.30978932558, 179.162118745431;
102.915429547293, 178.209497805898;
102.303239065175, 176.69052149365;
102.16178599253, 176.688204956576;
102.132881060018, 176.946421281892;
101.815615368306, 176.167014812953;
101.599860506673, 176.700715016386;
101.831169934668, 176.701335677867;
101.96467493838, 176.39364098331;
101.641405237788, 177.399667347281;
101.129458147711, 178.324469687181;
101.412763938086, 177.371984473849;
102.242836136967, 178.272887916626;
104.532683308033, 178.23372341184;
106.207401195747, 176.982824123705;
106.326719612554, 176.712541523731;
106.333785481332, 175.960756323267;
106.416600079107, 174.927089111345;
106.094586553163, 174.746999696184;
105.647740182612, 175.271842874085;
105.501332257376, 175.471396690966;
105.60195873945, 175.397615423235;
105.675149664764, 175.338564385399;
105.799620336428, 175.265168057871;
105.681696074957, 175.511289623562;
105.666051730817, 175.419402419469;
105.538806129766, 173.501374833233;
104.039697635167, 175.186984103325;
104.0971447432, 175.748217812147;
106.032882943461, 174.00919732088;
105.448662792763, 175.669696891098;
105.706486581552, 174.959186996003;
104.879721747807, 176.348013792275;
104.879840230292, 176.52496676509;
105.355103278016, 175.304768369571;
105.043084338741, 176.025982651159;
105.140589795881, 175.872528607321;
105.498500002443, 175.487127647823;
105.430345502669, 175.910678081573;
106.005414451016, 175.59064670654;
106.632315844746, 175.707511194104;
107.735217347362, 174.976578026134;
107.39419745786, 177.032459409093;
108.56569937076, 176.385660530149;
109.328777158588, 175.940326590317;
110.420306807048, 173.773165014521;
110.143748923185, 173.369554701628;
110.469776754504, 172.209861929099;
110.576706658133, 172.609425439125;
111.062549599762, 175.551258853879;
111.319208392952, 175.291414334561;
111.716554619504, 174.205562114877;
111.34036279923, 173.952584587286;
111.007186462029, 172.48759803355;
110.276104371038, 172.085443168798;
108.562197752234, 174.272119966991;
107.103875221947, 173.168113820819;
105.663298465922, 173.258267260421;
104.990209947583, 173.24624976584;
104.740450390565, 173.635125600873;
104.752312798569, 174.943497210684;
105.758882335894, 175.599356660088;
106.249508728532, 175.005280995899;
106.366569622826, 174.766709775461;
106.530230761544, 172.443866963917;
106.722300732242, 172.759822591655;
106.764142675247, 174.136297731832;
107.097306803784, 173.698496285122;
109.175411546664, 172.046528594536;
109.607389813939, 172.297707713028;
110.131873684812, 172.931733487985;
110.613602969282, 171.946976210078;
110.329062388635, 169.300247520578;
108.44499705534, 171.611145905893;
107.435268408746, 171.451048307437;
106.872261032516, 171.4452775668;
106.468632141244, 171.60208119999;
106.600606822088, 171.752482109273;
106.43957799211, 172.193398186976;
106.407556691737, 172.23771283131;
106.441879297905, 172.290208290475;
106.724767567427, 172.251470195844;
106.639208232944, 172.313191780283;
106.532546871511, 172.360635673508;
106.611768894897, 172.492391955737;
106.671522992953, 172.511752046012;
107.038384619471, 172.735282931285;
107.19872062562, 172.309043392627;
107.318650941597, 172.088526068121;
107.532594861042, 172.52082143888;
107.673008421762, 171.502303287934;
107.687099542253, 171.832796615772;
107.836938953299, 171.626200449978;
108.044231893007, 171.593676741081;
107.954738564065, 170.52807882143;
107.47384434301, 171.239422116621;
108.008413027394, 170.564924695423;
108.906182157633, 170.413802573164;
109.419427218877, 170.108548548327;
109.749376767028, 170.414301341798;
109.552494417223, 170.3187719543;
109.529519703813, 170.455444565823;
109.335810372331, 169.714892833542;
109.221008592813, 169.7466631813;
109.012634440806, 169.663832220596;
108.717869734271, 169.999594556042;
108.566108429707, 170.155049467891;
108.473496898438, 170.452624392897;
108.109634026092, 170.810409771065;
107.844525645848, 170.931769578901;
107.167904799718, 172.134369581924;
107.20459083429, 174.760977035224;
107.396761592784, 175.26316997606;
107.223482140644, 175.53854511473;
107.08600223279, 175.849235928912;
107.072984172527, 175.958174696926;
107.125982340339, 175.770522356657;
107.138738838344, 175.736943281741;
107.399991640576, 175.670479204275;
107.564748653007, 175.527154816567;
107.698601948293, 175.481242060181;
107.700013204496, 175.405472090717;
107.639670841272, 175.374975435539;
107.631356819897, 175.44734292073;
107.679624722412, 175.377364725459;
107.595625775488, 175.360184077376;
107.573354656919, 175.331022197432;
107.531311201502, 175.209371279029;
107.497875869066, 174.970694818637;
107.263647689967, 175.100564785383;
106.553864102396, 176.069450931105;
105.887645943248, 176.664950667888;
105.661672633394, 176.780366736824;
105.630353819253, 176.067755030871;
105.719289035766, 175.221062689009;
104.733086421274, 176.141851452857;
104.587891091896, 175.811342756894;
104.307914107277, 175.996109393763;
104.620526995727, 176.077026321665;
104.62929733626, 176.530753982029;
104.594663663681, 176.555382924462;
104.050544652293, 175.98845207419;
103.817816830728, 175.423555851177;
103.25936123856, 175.408970489019;
103.264406450844, 175.520464519932;
103.702950056419, 175.447963528534;
104.241458987033, 175.933593035362;
103.984668746994, 175.731467135798;
104.186875988511, 174.902213815911;
104.28172798623, 173.641939871805;
103.965909478073, 173.209586470931;
103.925608159573, 173.181709618902;
103.95567773245, 173.15285740089;
103.785479869712, 173.168618649361;
103.76055545135, 173.312692769488;
104.004760748942, 172.780836601386;
104.273418171713, 172.631102356406;
104.620460268901, 172.363462366646;
105.228669669671, 171.895792571852;
105.282050931242, 172.178118737483;
105.45255859422, 172.805100387551;
105.599251641686, 172.623571226444;
105.9506492913, 171.521105504418;
106.148516819119, 171.798135654214;
106.10197845096, 171.856480107423;
106.151102351352, 171.351008238109;
106.262743493139, 171.840469437239;
106.297339436847, 172.044490113956;
106.191368345256, 171.931407302181;
106.504747415351, 171.953894364644;
106.563513943749, 172.090465099767;
106.670275801118, 171.834386592251;
106.86605535009, 171.882479798482;
107.01123142754, 171.55472297554;
107.108426529676, 170.206757592566;
107.136108467979, 170.182197878871;
107.224142234665, 170.32070678237;
107.033139808291, 170.726412043627;
107.026608637944, 170.613752111072;
107.074036360599, 170.750974238774;
107.023829197639, 171.10766592951;
107.190587755403, 171.196086709388;
107.226209506775, 171.020526836768;
107.233947653738, 170.64521790648;
107.261844201285, 170.500173645423;
107.403195658717, 171.492571193929;
108.35621817086, 172.253137027389;
110.637805927121, 171.065307934964;
111.94692338679, 171.103674120278;
113.409155341309, 169.744381973524;
113.046798237019, 170.23088997017;
112.784562368683, 170.4299282645;
112.184201513062, 171.172180717068;
112.330275079455, 170.504382705308;
112.115617435725, 170.200392184825;
111.622514848988, 170.484631195257;
111.258999572828, 171.002966733151;
110.79132886347, 170.894397623145;
110.779306265603, 170.387101063076;
110.70915278295, 170.654691963164;
110.67654647274, 170.634957588143;
111.085477564176, 170.19087501581;
110.784048921813, 170.200180203075;
111.169731066467, 170.354667204085;
111.383941446912, 170.190651588111;
111.576533091464, 170.344704702592;
111.453352916054, 170.668225603535;
111.506281867737, 169.692652920409;
111.061533715627, 170.136997428805;
111.127544378783, 170.076130489442;
111.061062087559, 170.533513229918;
110.898567614251, 170.416584247167;
110.647634096402, 170.250634544799;
110.457862947698, 170.383370489045;
110.236550175274, 170.7771933994;
110.216411597094, 170.83455299166;
110.193578299316, 170.798025411752;
110.316155961813, 170.713968192805;
111.620501007885, 172.242902934512;
113.429269295034, 172.541757046174;
114.706177058724, 169.715431523017;
114.357000890992, 168.653136854048;
113.592108979284, 169.271221516825;
112.862282308107, 169.681996162958;
111.945464323376, 170.993699096372;
111.344392197712, 171.125595150438;
108.597970282411, 175.913457377727;
107.852288221903, 177.977767704661;
108.102257655972, 178.124916014328;
108.058763281291, 179.038877903998;
107.925767732202, 177.677019531885;
108.20352069377, 176.297789331276;
108.680474504116, 176.495649275568;
108.797206168371, 175.996670460583;
109.07911851553, 175.898523797154;
109.202309936167, 176.266512988797;
109.248470486137, 176.386871846646;
109.383212151276, 176.728402673195;
109.562147123492, 177.433380864769;
110.329494951548, 176.209325237409;
110.266724932604, 175.272453797833;
109.802186980521, 175.123172536829;
99.9927098111199, 107.877340442138;
99.9001982897574, 108.168663213926;
100.028215042353, 108.242955680768;
99.9620770205846, 108.670910650616;
99.5789253813888, 108.933977120978;
98.6668093073816, 108.773561717764;
98.5238472939734, 108.750392334445;
98.4464218635116, 108.702689608062;
98.5874060912103, 108.747299775013;
98.7211369991087, 108.835126269451;
98.7419872964484, 108.933436098866;
98.9040485745713, 108.822461890099;
99.0230930823687, 108.647986099555;
99.3087627803699, 108.695781952989;
99.3732741219264, 108.780226532035;
99.3531623178794, 108.728993741269;
99.0736047119201, 108.548610677855;
99.0836437461502, 108.663385569455;
98.6817781240087, 108.386638358231;
98.7272865160593, 108.460747819678;
98.2718262540182, 108.347938552336;
97.6256201565057, 107.849845853346;
97.6635205595232, 108.030496226933;
97.7024256096425, 108.13310954828;
97.8342684927188, 107.98825727495;
97.4908367609505, 107.856707357004;
97.6757757550888, 108.052348786471;
97.5635039592461, 107.97482260208;
97.5162131078027, 107.98111293232;
97.308795903863, 107.788915271605;
97.216060169884, 107.762485571042;
97.3268214791574, 107.967398914987;
97.5960860340705, 108.235271898273;
97.6515249313499, 108.371130202257;
97.5047987336595, 108.307359091548;
97.5854334043226, 108.364344216508;
97.6168558870377, 108.182078823803;
97.3541627709024, 107.91859248591;
97.7165414218058, 108.019259742376;
97.9689686808601, 107.82511489459;
98.7528794316285, 107.611916297411;
99.0807103702661, 107.289056295778;
99.3732459764903, 107.116433746248;
98.7067988401896, 106.373158564076;
98.2268954918223, 106.308807940182;
97.445259706219, 105.699439776572;
98.2502640982293, 105.825011743333;
97.7074218881644, 105.579711283307;
98.5164187520396, 105.750632417917;
99.4999655969801, 106.561091718669;
99.0464361033628, 106.37128485975;
100.401006160869, 106.933576104919;
99.275540128913, 107.216111893733;
98.6589045898108, 106.800695316431;
98.319620475401, 106.833167013876;
98.4447036306828, 107.008448621069;
99.1976416555494, 107.52593852999;
98.9738424012036, 107.243372158065;
98.6627651168411, 107.073412229324;
99.0764516898455, 107.319863229898;
98.3318864524345, 107.014832497344;
98.0976761374126, 106.874979751944;
97.907203864502, 106.698357975649;
99.7268160613786, 106.873318370445;
100.255175647091, 107.311383112536;
99.7732224532535, 107.189589407096;
100.243133610438, 107.410311976303;
100.810328398033, 107.72433548305;
101.1282997068, 107.962932221757;
101.571894284617, 108.27360771486;
101.663255048495, 108.356868534604;
101.582203164088, 108.249984914628;
101.286909271981, 108.280736205531;
101.146595889778, 108.398793237603;
101.301186032784, 108.477768061741;
100.233691918643, 108.048786175756;
98.9702804531653, 107.631417626616;
100.133735484568, 107.954747666066;
100.650198650245, 108.141496524383;
100.907632692262, 108.570000616536;
101.521280602022, 108.697395153374;
101.520642844881, 108.602303334775;
101.256529938048, 108.878785694168;
101.060622408566, 109.05635837229;
101.661968008608, 109.154946292581;
101.944915617115, 109.287742150185;
102.19534790483, 109.027143965764;
102.329737052999, 108.882843982532;
102.39198394164, 108.644712691925;
102.032800092535, 108.77989425567;
102.015823292179, 108.800354892885;
102.329279915797, 108.754310457337;
102.392537031492, 108.546358468747;
102.656586239483, 108.831255308511;
102.635157416342, 109.041727533711;
102.634227215191, 109.191002574879;
102.54004069636, 109.170989991401;
102.746661377473, 109.12489263567;
102.797803939597, 109.172171524197;
102.585961120222, 109.834661764295;
102.372483744812, 110.300194964641;
102.319248280157, 110.297659737317;
102.356153880205, 110.316528425332;
102.44890211814, 110.243641538272;
102.217674514993, 110.419674937447;
102.015749047612, 110.358304336581;
101.751210867113, 110.234169300689;
101.516477573117, 110.209947112439;
101.407968535847, 109.997840098721;
101.479607103176, 111.189105725926;
101.908276627318, 110.458958187965;
102.285995001565, 109.964518568541;
102.309364182267, 109.564856509226;
102.333297120655, 112.039937141158;
102.335913000221, 109.444548000305;
102.65688232794, 109.148857715394;
102.701856998315, 109.112835106204;
102.746680655829, 109.525621135749;
102.915582554498, 108.824778494156;
103.105811576685, 108.553350704368;
103.033767689348, 108.41839824292;
103.078389387179, 108.601833839288;
102.936036772827, 108.702564529593;
102.992231617758, 108.895197452575;
103.041773146488, 108.814889998289;
102.960858472494, 108.696868880765;
102.961931012295, 108.683428000096;
103.014225744526, 107.883845864162;
103.20316476732, 107.977748386538;
103.284555340409, 108.111358429072;
103.340975754226, 108.171692238503;
103.492254134291, 108.544133284668;
103.438672167855, 108.523239488446;
103.385021682229, 108.249928892449;
103.334671613915, 108.260122168045;
103.314640950222, 108.150759806235;
103.358538872076, 108.281269667355;
103.342354070719, 108.552278756456;
103.446835282415, 108.736596907111;
103.704098623437, 109.17299770586;
103.653005554103, 109.476551166075;
103.036030085833, 109.103267302447;
102.614043733289, 108.901660251166;
102.619284457468, 108.660761990897;
102.710532910529, 108.548526037177;
102.543661909938, 108.639484062931;
102.520801109953, 108.778433226967;
102.590217595203, 108.959147967389;
102.766489587243, 109.157994870558;
102.843515838114, 108.660912471775;
102.86390164848, 108.901260059963;
103.025520623779, 109.013585949615;
102.781809885528, 109.097166529984;
102.587191047652, 109.309840244837;
102.584910856648, 109.506823526155;
102.83403966815, 109.697557763326;
103.047345233681, 111.050804115037;
102.964400615202, 110.245127837513;
102.894922579677, 110.300839421178;
102.927015635989, 110.150693529816;
102.868282253481, 113.262457140385;
102.639573629453, 110.637304519474;
102.568903924368, 111.070607442628;
102.712057962732, 111.880312597479;
102.520768425487, 110.637146527426;
102.499038710589, 110.167202156385;
102.521356923168, 110.787413278084;
102.388286630757, 110.481706869261;
102.445472754759, 112.841245103171;
102.456725945627, 111.086560630419;
102.507307514623, 110.583137663804;
102.537448609197, 110.670356396994;
102.550303718174, 112.860410058502;
102.621456438424, 111.179640107422;
102.766951104419, 110.726038667319;
102.968559804716, 110.375554204201;
103.029110215651, 113.918674412585;
102.878259020335, 111.26009916942;
102.465381140153, 110.82526152885;
102.535640765607, 111.983919433285;
102.792253887778, 111.478002858355;
102.971482718515, 112.566675681833;
102.502122068082, 111.852946926338;
102.36776030251, 111.1384515873;
102.765092404371, 114.038207771321;
103.075219663668, 115.158565816308;
103.463602039872, 112.22723273572;
103.996135524688, 112.24770582598;
104.286045070535, 104.469172569681;
104.340503874229, 109.859808492183;
104.429065620472, 110.341547917514;
104.386885317156, 110.370651218612;
104.407371903784, 104.256405280219;
104.524592978966, 112.077050740798;
104.451143041325, 114.536431157959;
104.390552277448, 110.335588881631;
104.025158705957, 111.93115196195;
103.947181497441, 104.089676828919;
103.897439986938, 114.965863771421;
103.917096566287, 110.040129654092;
104.429688181108, 119.792293892401;
104.643084195055, 119.841970398915;
104.711170066773, 120.510824699905;
104.499010252012, 122.04427251328;
104.40641396701, 122.538440259285;
104.668401659385, 122.068604785503;
104.945525478383, 121.794144400804;
105.123042783074, 121.595605091389;
105.143160671922, 121.570030345189;
104.997499425284, 121.683286315612;
103.218752958598, 120.195654710427;
101.442113387043, 119.107766959861;
100.540196566866, 118.310319605071;
100.17536718332, 118.272071666778;
100.19358634426, 118.400933341129;
101.357004446427, 119.982208911085;
102.294186439606, 120.375333292641;
103.677197323525, 119.015560281617;
105.017915258963, 123.995751618342;
105.899091850957, 125.611622284626;
111.429414717822, 117.196932803301;
113.87070580936, 118.405308857635;
114.125564360149, 118.420694187862;
113.223378783559, 117.334899883715;
111.837333384494, 116.054515884395;
110.726478617804, 115.063027202007;
109.813184891644, 113.999114766427;
109.262908325867, 113.610746803104;
108.945747174699, 113.534013472732;
108.410241474083, 121.146099946947;
108.42551894396, 127.909882346309;
108.907624813814, 113.901027414284;
108.952061653502, 120.790371916557;
108.91415921116, 114.624777977967;
108.886317932621, 114.514097019058;
108.857297537635, 114.229799878373;
108.993391097375, 114.037828296253;
108.948672841078, 113.625696944768;
108.945793786983, 113.565078651267;
108.865647343665, 113.478481875817;
108.698563502674, 113.571031041029;
107.981912128826, 113.33245256499;
107.206879037774, 113.448854343792;
107.110505953059, 113.613374623979;
106.965269421191, 113.684071786529;
106.91910700146, 113.771050741741;
106.896162921452, 113.809270170931;
106.85354553696, 113.781460019093;
106.626782218585, 113.563224162622;
106.006993491317, 113.099848880331;
105.708452865254, 127.019301449904;
105.569635448904, 126.703670034187;
105.548976287062, 126.25464377915;
105.572124493944, 126.52399781551;
105.75593926849, 126.602446629232;
106.204629269543, 126.876644128455;
106.237471553585, 126.675866165741;
106.284160418837, 125.427126046747;
106.672514687635, 119.400799190567;
106.658440916509, 127.094051091732;
106.557855426253, 129.254288331132;
106.594436085632, 120.058699682477;
106.529762514275, 119.45632438377;
106.568199486084, 119.486517190254;
106.589607346625, 119.713350691213;
106.446515973201, 119.292634070912;
106.268032724862, 119.064173366524;
106.208607917398, 119.077518457216;
106.074550453044, 120.153826237388;
105.983707445275, 119.481793065135;
105.918939003678, 119.374474788367;
106.000352724811, 119.169122270328;
106.010192392251, 118.860620807577;
106.117082378566, 119.100881037476;
105.782854645418, 118.785969798182;
105.320455239869, 118.362921952014;
104.981727620073, 118.722322629755;
104.923286954818, 118.574183040302;
104.783393205125, 118.456741797479;
104.539149922003, 118.397831237514;
104.704100982502, 126.508899388593;
104.778943653359, 118.745021674008;
104.285496197742, 119.464811557969;
103.578740303188, 119.592057769182;
103.494680260262, 127.344399961409;
103.465773345645, 119.732684691998;
103.412515042098, 127.05305191743;
103.387951764319, 119.585971304216;
103.239450829294, 118.75359997109;
103.372051331472, 118.939120194442;
103.411172601477, 118.98473952532;
103.442010229284, 118.991623969291;
103.42704230689, 118.937967308172;
103.447896351981, 118.729605777379;
103.621898929271, 117.738575125682;
104.024855401167, 116.996743523682;
104.268848280814, 115.765787696977;
105.793133413075, 116.278202525328;
106.849526157906, 115.585251402976;
108.235117473113, 111.682678184432;
109.054194452133, 111.993758470079;
112.720848366141, 115.003483772444;
116.693899793844, 117.826725680694;
117.002800287107, 118.567011732927;
114.400754865219, 116.491950438604;
112.89241519782, 117.470135804704;
112.370535356945, 116.80627280202;
112.057231199687, 116.670394700001;
112.373642004072, 116.491758442659;
113.097544579403, 116.917692041293;
113.355342675667, 116.763194350537;
113.371858602506, 116.606159611654;
112.699670840251, 115.721531217918;
111.591544822425, 114.73730741825;
110.645099449569, 113.220264055864;
110.357573377434, 112.925244607166;
109.759359568537, 111.499126952461;
109.761444979629, 110.394471053829;
109.771401356311, 110.639163871364;
109.81864973598, 110.873719436934;
109.861729827219, 110.780378266372;
109.891819757339, 110.667265430728;
109.803886638767, 110.52756960025;
109.992813753418, 110.77258352325;
110.327296774112, 111.588970854739;
110.915889695675, 111.550999668048;
111.275459562269, 111.559873656038;
111.62165623746, 111.846263992259;
111.808422950885, 112.158303030942;
111.722895487511, 112.158165122495;
111.570887614684, 112.102587628736;
110.813759802278, 111.906162335843;
109.043175703504, 122.146012484717;
107.721332293784, 119.388055844746;
107.349369107885, 112.809492339266;
106.652205206832, 118.797670597538;
105.453678045613, 125.076624131418;
105.454064015148, 116.959227376199;
106.206546215692, 122.511443431925;
107.224119327426, 110.643093373628;
108.322186778893, 110.814731158135;
108.534027808246, 110.661483153633;
107.524416962353, 116.975421389405;
106.366102890361, 110.888283348534;
105.862700547895, 115.355353851885;
105.722771420141, 124.899597963492;
105.683107132146, 115.353710382561;
105.444968836424, 108.390533453292;
105.377178821914, 112.157406523479;
105.478494854204, 107.084680523618;
105.177373068486, 106.935278233074;
105.033518068671, 106.613091007584;
105.023587990548, 106.57286508598;
105.106432581222, 106.870370585929;
105.132664552093, 107.4549854523;
105.088113059318, 108.410998107666;
105.03928104942, 108.563124906025;
104.954839774105, 108.52932717785;
104.793086009054, 108.553267022964;
104.794264418015, 108.582926633665;
104.810385194529, 107.937917330998;
104.760242352588, 107.684650792322;
104.760929034369, 107.574523609284;
104.855912075009, 105.925885372737;
104.815077350799, 106.227488197641;
104.796842049976, 106.584067033686;
105.287856672248, 106.337488117823;
106.419897363643, 106.445088483592;
106.173182826106, 106.052411574332;
105.842052164726, 105.645949695423;
106.00373391102, 105.948815960148;
106.271537523251, 107.167305895887;
106.323634687606, 108.518502324868;
106.267621832463, 109.418303983021;
106.507941091174, 110.292857791271;
106.620109872592, 110.597971744256;
106.616012078678, 111.221027169855;
106.596672881086, 111.216722812828;
106.427481269007, 111.211912214939;
106.076455160324, 117.842398564458;
106.05342565145, 111.366306452174;
105.947065433542, 111.757551318308;
105.793419945097, 110.87499240521;
105.631257086438, 116.940665542585;
105.307729344081, 116.304384632986;
105.023904506226, 110.052487813037;
105.010204112302, 115.85884967096;
104.869756854009, 115.799822600068;
104.790501618991, 120.049594207491;
104.820392378853, 119.616386651054;
104.858406015148, 115.387420972896;
104.156255343153, 115.078912326976;
103.599443000124, 109.041600644528;
103.605497962752, 114.404012978827;
103.58232384515, 114.376088271183;
103.637943398603, 114.26898280831;
103.664291130753, 114.278680378795;
103.726841524378, 113.965935865066;
103.833213200179, 114.053539413642;
103.891307893664, 113.424567692158;
100.435367430081, 118.656627805672;
101.003775898869, 120.808915787676;
100.811887365656, 121.29629360066;
100.992249881779, 121.459745719024;
101.261628448355, 121.745391543951;
101.43762493602, 122.07421083093;
101.730242127125, 122.455464144313;
101.895984332847, 122.610781764263;
101.401177664048, 122.511413957484;
102.019618451061, 122.483631613692;
102.804560971106, 121.563235466592;
103.177689615328, 125.71985548967;
103.489636513361, 125.687614909103;
103.733688310711, 117.214025110545;
104.567063351811, 116.229367105891;
105.063646497549, 123.799885953178;
105.262743205664, 122.881297950538;
105.202644552729, 123.263698789769;
105.475217327969, 122.342234253174;
106.125478977383, 124.247670436002;
106.117005772287, 123.399686757778;
105.995494780171, 123.245186446174;
105.816449180774, 123.321095958874;
105.842888263404, 123.583515557833;
105.636016225476, 123.638206593233;
105.618970499989, 124.100131710317;
105.388137848762, 123.853722192881;
105.074071843588, 122.951547431036;
105.086205882481, 122.931418674458;
104.997563083472, 122.741891204448;
104.930572382922, 107.20384235496;
105.0768274338, 107.425680021756;
104.833941267415, 107.361573434445;
104.880630481639, 107.524181322157;
104.816961261632, 107.469935053269;
104.825888667284, 107.561308674738;
104.785296769125, 107.590637555434;
104.721736645139, 107.534478518449;
104.737844854456, 107.470253879332;
104.599723714117, 107.19830747843;
104.32550451598, 106.921157833089;
104.398102958303, 122.091950622336;
104.641667476968, 114.663797623388;
104.807960154971, 117.083696179394;
104.968019422138, 120.936578255664;
105.124119263191, 121.131631037868;
105.065571861747, 117.739760546612;
105.049400991434, 121.856192829896;
104.979652979694, 117.640952167793;
105.050687557431, 117.633738063075;
105.01563869067, 122.896656391224;
105.002957856347, 122.113451232257;
104.956335401391, 122.674944965547;
104.870256402955, 122.644557765353;
104.92607444075, 123.051099007181;
105.129311246099, 123.238827465765;
105.188294755291, 122.930875504294;
105.235814784247, 123.082215858371;
105.248100762095, 123.016501505634;
105.211729579135, 122.627944258031;
105.257407235808, 122.696405957054;
105.244586247309, 107.581360151981;
105.32574344194, 122.197447428241;
105.366155157156, 122.591227499434;
105.384393778016, 116.296636552279;
105.263211721593, 121.358519920379;
105.228701643142, 121.621394932373;
105.333563372996, 121.82775488871;
105.289437127491, 121.875596877071;
105.242652108962, 121.903490935987;
105.041463646965, 120.751392841403;
104.963561205349, 121.331568891277;
104.841288587987, 115.002960617118;
104.823768236714, 115.147122540064;
104.48785729996, 114.823783352376;
104.374635803111, 114.620580029421;
104.198724935834, 118.855603592919;
104.102261836785, 119.105554732644;
103.900901846298, 114.202978683217;
103.853422155415, 118.790191379703;
103.801346773891, 118.584879703611;
103.820715558564, 112.495511165803;
103.876565149277, 119.610430439372;
103.908620932031, 113.334508367274;
103.949705585832, 119.590801545324;
104.017291306864, 119.140452335068;
104.097276527467, 115.249980020549;
104.046661468219, 114.837822509062;
103.702548274829, 114.372463945392;
103.432035702873, 113.843721407692;
102.660926301382, 112.929543348227;
102.080768070474, 113.395092487461;
101.982744048344, 113.068533629736;
102.295006929569, 118.152245089936;
102.400474356096, 106.279456384736;
102.540869027054, 106.105743682699;
102.685562285753, 106.363863969525;
102.899028487519, 106.598512575692;
102.97005116203, 106.671703125843;
102.913377307403, 106.728423603834;
102.617955471737, 106.554739826075;
102.563772484154, 106.39469145168;
102.384433066653, 106.038892613489;
102.368671273003, 106.176743780309;
102.364898821969, 106.01993570764;
102.373860568437, 105.765282305908;
102.628304338765, 106.200737923286;
102.711266317068, 106.317261419084;
102.747407886988, 106.405461041162;
102.729310243108, 106.454378659444;
102.856047089522, 112.46035667351;
103.025289023419, 107.16376992198;
103.221748979131, 107.042125364824;
103.426450182677, 106.90026040198;
103.46760610875, 106.57045100184;
103.524447317079, 105.739344612882;
103.59248525358, 106.366024450554;
103.76536144624, 106.729894440703;
103.812776407673, 106.912487099563;
103.861867789569, 107.016086150585;
103.931855932336, 107.139198084037;
103.896269913295, 107.328304110309;
103.872299044722, 107.299903257444;
103.856334765427, 107.443206334255;
103.843329951349, 107.469404810428;
103.869740561589, 107.627864560271;
103.917946213006, 108.243710603488;
103.952032619308, 108.242586391677;
103.958443473662, 113.927907261012;
103.89450611791, 108.046914154321;
103.87131669925, 107.747975262083;
103.983177998233, 107.876104179888;
104.176452593138, 107.984657080605;
104.24332349586, 107.653512417362;
104.231017276704, 107.513572754207;
104.304458982751, 107.705637400016;
104.311009739782, 107.737677313521;
104.333595178116, 107.808604601133;
104.377658594531, 107.778002900092;
104.30092926409, 107.59431169462;
104.257211045563, 107.784414566358;
104.257640464906, 107.771553642266;
104.194951394902, 107.741580184634;
104.215369035991, 107.802877367586;
104.278304063453, 107.813734120905;
104.392235536995, 107.979248835472;
104.299135191874, 107.999906398174;
104.15242304124, 107.943311855275;
104.105870507374, 107.846875621558;
104.105384651162, 107.97862816968;
104.094657258487, 107.899039622861;
103.989803739544, 107.657552904987;
103.851606100216, 114.733235794763;
103.575495420395, 107.792802671563;
103.412458786488, 107.628440415283;
103.238795104765, 113.57506725397;
103.173274879363, 107.454971533185;
103.123907899952, 107.437569823433;
103.078561135021, 107.409999139942;
103.021852780403, 107.432576031663;
103.168097539557, 107.527143079808;
103.170905052823, 107.418458368057;
103.208693220211, 107.370958811282;
103.255726375432, 107.456052369636;
103.273697147258, 107.36077056854;
103.378911854561, 107.321617869186;
103.497204526351, 107.454818669427;
103.436888510629, 107.515656514976;
103.444889819478, 107.478420488042;
103.453411351724, 107.585208293784;
103.4334400599, 107.682778054273;
103.480265487071, 107.689147637338;
103.66165809021, 108.030115712767;
103.594423547979, 107.5480215057;
103.646619686552, 107.282396693498;
103.705450375995, 107.381202117939;
104.073284155877, 107.751084432977;
104.111463802738, 107.811731692474;
104.04786812267, 107.807432159132;
103.983320835609, 107.732483367206;
103.850280551371, 107.304016659094;
103.707557141757, 107.337082796292;
103.52515819196, 107.26573384559;
103.328038032244, 107.143795174756;
103.314558140938, 107.218983793177;
103.284342231327, 107.231235416189;
103.322860276861, 107.244373364284;
103.531707418436, 107.399362943277;
103.849615742697, 107.728083517855;
103.92173997124, 107.660205442766;
103.99053246862, 107.696361389402;
104.005473139541, 107.719375043267;
103.968915511834, 107.527354038129;
103.98514277565, 107.526294342896;
103.817205702724, 107.488303479773;
103.678763985015, 107.336642888885;
103.696029371038, 107.465970936327;
103.649070542822, 107.947961150042;
103.556370440247, 115.24409469901;
103.395885482142, 115.502602566878;
