153.782763694611, 165.192238686775;
153.763099267148, 165.159208635276;
153.780908537722, 165.087537946739;
153.895617396603, 165.010075620774;
154.572429076264, 165.911521441767;
154.195864339538, 165.219958688124;
154.071127970636, 164.999359011156;
154.062660867678, 162.07668222407;
154.065743907262, 161.889355903104;
154.040937306394, 162.087498948276;
153.98811752648, 164.398485725111;
153.999360924327, 164.500221545628;
154.005417548928, 164.582948640551;
153.985395476991, 164.60496221156;
153.977815875496, 164.588456436856;
153.915932503351, 164.448233485649;
153.864470060745, 164.459002158789;
153.828420016922, 164.520470467232;
153.822906837286, 164.521016408517;
153.857372728222, 164.597043248187;
153.853430388176, 164.563244014625;
153.851257026647, 164.546780497102;
153.792718995702, 164.582038817279;
153.749987645913, 164.519280541486;
153.638151686774, 164.323520619726;
153.606549847013, 164.270097054047;
153.532292037315, 164.152282732269;
153.513186604984, 164.203877840998;
153.462074441795, 164.299197571612;
153.436646377991, 164.498554841538;
153.287317346653, 164.538378216062;
153.222673481517, 164.533573705116;
153.193324592033, 164.533278686145;
153.200373197408, 164.651006633448;
153.225136485702, 164.664434450517;
153.234519625254, 164.633674384718;
153.228311644129, 164.668059677003;
153.220387225027, 164.731884704661;
153.168589031956, 164.672552154532;
153.161162057412, 164.783862238297;
153.107587334682, 164.808846466955;
153.036378523435, 164.702116317573;
153.067689832156, 164.778386142318;
153.039742201261, 165.220481878549;
153.00334545241, 165.157050303993;
152.943810296023, 165.111305110549;
152.882963599457, 165.06891896624;
152.897273390323, 165.140837542922;
152.913490015139, 165.192907180706;
152.844733997637, 165.094536757592;
152.75748061964, 165.01764349604;
150.960810900441, 162.58518436791;
148.696082754968, 170.495952314545;
141.235786934705, 172.068257011299;
136.571092598383, 168.882094613133;
138.666947917527, 172.182000482543;
138.962003387639, 171.949111766475;
139.094519519387, 172.083518371594;
139.232455715128, 171.955010241834;
139.583193482786, 171.859302927761;
139.722953238562, 171.769718191061;
139.881097727162, 171.742753998153;
140.138461028498, 171.687842080693;
140.354630491307, 171.496949881972;
140.359078835032, 171.479207186833;
140.271645565109, 171.453809723119;
140.339215750363, 171.310644938517;
140.378748490985, 171.136513184375;
140.336888266279, 171.031454430482;
140.3641743373, 170.971844020908;
140.374204847766, 170.887848641857;
140.36156153509, 170.780156919228;
140.314476059848, 170.713677379415;
140.332605906183, 170.622476757251;
140.28149396502, 170.578235958138;
140.314981125715, 170.47826867929;
140.336090934803, 170.420974157172;
140.341841144137, 170.378975897454;
140.254771916492, 170.444351580608;
140.148276003492, 170.384472545473;
140.071446134082, 170.342385943861;
139.983488573445, 170.34471428757;
139.947216317012, 170.293718225778;
139.846027895122, 170.296020193593;
139.823990798807, 170.341406502407;
139.817470123532, 170.375609042952;
139.74148097134, 170.381184574047;
139.700521607224, 170.35732708058;
139.66863961169, 170.385875928623;
139.657150705215, 170.396184136919;
139.627801040128, 170.405207357043;
139.58149759019, 170.410288828234;
139.521425114649, 170.336543046166;
139.472663417732, 170.354353489324;
138.494884901272, 170.379607913239;
131.375323076967, 170.245774865556;
121.495675869753, 171.894063830048;
116.864728716085, 173.494100054545;
116.593827060393, 173.28372679029;
116.870353455614, 173.167633061856;
117.299317021723, 172.98984982384;
117.291324071172, 172.857223196135;
117.387749106472, 172.754781015074;
117.395855806578, 172.709420744877;
117.391206193856, 172.677626184143;
117.193478599638, 172.624899171586;
117.022477656222, 172.736275879618;
117.01541526908, 172.658717695524;
117.176929657355, 172.652767104905;
117.180523689826, 172.576959677396;
117.213040064979, 172.58604069366;
117.222725482236, 172.581160265734;
117.211818085698, 172.570445525557;
117.192694749959, 172.518596887838;
117.185946779322, 172.519493031449;
117.119921155608, 172.545256548907;
116.953446322853, 172.560603996584;
117.036287779091, 172.528809167646;
117.058079198041, 172.482484925306;
117.034183986595, 172.480484718972;
117.026498897344, 172.458072947058;
117.033126440742, 172.456529567279;
117.003880221133, 172.454446035764;
116.974171895225, 172.561403266534;
116.95147073594, 172.614427182575;
116.967261508087, 172.570933238128;
116.907594339483, 172.616793186466;
116.853686536673, 172.315207874572;
116.716561817239, 172.398721037901;
116.60656721997, 172.684374056763;
116.4063896204, 172.431964208637;
116.537804532325, 172.504783856649;
116.678799463396, 172.500052240283;
116.704024089061, 171.693113485097;
116.881897276318, 172.056655843887;
117.118000869262, 172.015291889279;
117.692140100226, 171.435840695242;
118.750524407674, 171.982917797746;
119.048724078814, 170.11183925859;
119.705134582239, 168.806179290258;
119.96307697087, 167.997503434312;
120.13314209848, 167.676202448197;
119.951984114161, 167.380033703919;
119.029440779098, 168.236379356721;
118.36143758732, 168.963458219631;
117.296910564601, 169.146673511225;
116.741532629541, 169.740297441136;
116.134593660518, 170.569256947941;
115.623969287047, 170.770367643894;
115.155640297444, 170.962476519738;
113.964821325588, 170.715924316361;
113.435639280719, 170.903314613601;
113.327538640467, 170.755313465596;
113.429529468671, 170.751285195718;
113.678300134414, 170.544534079569;
114.141825597436, 169.908110962337;
114.843937726427, 168.659820936707;
115.193201928, 167.38850167739;
115.490142622813, 166.563935129492;
115.749276410377, 165.484063874199;
115.895350988017, 165.283283789836;
116.026953162948, 165.250032507765;
115.954054737153, 165.032920379902;
115.799085052514, 165.255066416087;
115.498179355404, 165.977129745844;
115.205031768038, 166.359052882126;
114.855879989591, 166.606019481393;
114.531849283908, 167.159190621588;
114.103897362211, 167.873903541082;
113.916048925769, 168.183661663226;
113.766931775216, 168.427790766804;
113.722341482298, 168.628535278449;
113.610416228726, 168.864415621443;
113.483258054691, 169.05718243771;
113.062275959321, 169.321621420748;
113.083390625857, 169.574338120802;
113.010207398766, 169.717829810947;
112.878605480639, 169.823969313414;
112.832433859935, 169.98396999287;
112.612079299257, 170.102365207864;
112.333721270108, 170.078379960356;
112.022414138768, 170.028694491909;
111.747185524255, 170.153076966531;
111.29418583781, 172.499725542465;
111.17855114253, 171.266315521993;
111.091092003313, 171.356161138623;
110.985967863367, 171.778913871852;
111.001372853283, 171.11356931287;
110.869711213676, 171.683031994003;
110.451856368284, 171.894865850686;
109.824732041896, 172.064674143163;
109.257126153392, 172.132515465949;
105.51142530098, 168.389428522817;
105.309283709531, 168.187604942828;
105.189006859337, 167.979387174296;
105.148462735775, 167.613533896562;
108.516947123616, 171.471183844067;
105.500199988476, 167.349883308494;
105.714367708298, 165.630513554628;
105.936854225647, 164.963985669001;
103.170799445646, 165.823486174761;
103.185708470075, 165.853245235469;
103.247206052716, 165.972338470911;
103.36434553617, 166.080269120954;
103.438215086649, 166.121823447556;
103.38331171524, 166.023913194182;
103.158968434734, 165.730423208038;
102.90565629046, 165.410764441772;
102.850348877579, 165.398672103512;
102.756443328862, 165.243555999496;
102.707998176577, 165.170136926515;
102.72570778789, 165.085083325107;
103.031388088391, 164.99245929796;
103.551997027221, 164.555809901541;
104.142471716649, 164.851127452402;
104.978069558015, 164.349976151362;
105.585520946657, 164.100170871103;
106.009646430627, 163.754331419508;
106.29064474005, 163.427545901644;
106.322496377811, 163.409477553129;
106.30270541489, 163.755133934728;
106.202644389053, 164.009966201205;
105.971519954083, 163.981535678438;
105.715247133024, 163.875507068777;
105.414115383789, 164.752101802056;
105.280309744019, 165.046550525721;
105.213441554454, 164.730043593059;
105.270895187234, 164.110584072675;
105.196773843287, 164.245330871289;
104.985686791547, 165.108618344126;
104.759350281086, 165.336090829213;
104.740809233823, 165.336672969827;
104.837085852118, 165.353722509748;
104.895842066498, 165.275516797573;
104.92858786732, 163.979411992244;
104.966028899823, 163.803610053211;
104.941149772289, 164.039641779727;
104.728977188334, 164.888681033157;
104.470674515332, 165.128199550451;
103.801331775287, 164.782983409773;
103.495176083403, 164.595766502995;
103.653220189749, 164.435520974122;
104.117458984951, 163.724052704546;
104.543618432381, 163.481173254719;
105.01660251143, 163.410570280348;
105.259681510249, 163.27608616651;
105.354190812485, 163.499341682137;
105.204031733214, 164.603632347061;
104.999144017781, 165.077431551932;
104.928950225686, 165.029961453197;
104.940686270802, 165.055284628221;
105.127952744348, 164.124467678679;
105.472286043112, 163.764167666252;
105.820397448962, 163.927002783312;
105.869557063852, 163.932946605979;
105.848116304548, 164.094845611706;
105.657578222347, 164.417183304165;
105.30394220264, 165.731071375067;
104.917188456797, 165.585857477611;
104.783856937063, 165.073810394263;
104.996573404633, 164.44124687181;
105.207386301287, 164.194391268671;
105.23308539583, 164.21936374645;
105.176003559639, 164.26327730881;
104.935683354954, 164.103317086696;
104.893449608737, 164.398947496755;
105.106470699842, 164.316275134939;
105.527892102869, 163.640489900632;
105.815006099184, 163.712106190635;
105.776833161983, 164.184994476839;
106.573405371968, 165.038049123746;
112.322787149683, 164.004223766613;
118.333142239399, 161.034022546974;
122.46030314281, 161.705548632514;
124.035126464906, 162.616424444827;
124.050768529198, 162.355133681539;
123.951930326129, 162.199160612367;
123.785902777351, 162.256753606009;
123.850412738558, 162.643685407399;
124.640422626951, 162.197669924524;
125.951200697088, 162.903279996214;
126.663508318732, 162.831861006352;
126.96460131375, 163.079304870315;
126.917627101447, 163.18325552639;
125.960100678742, 162.084962909371;
126.111549938052, 162.909372524043;
126.304386876254, 163.174268556491;
126.514379888185, 163.090035050938;
126.589250053927, 163.108709400592;
126.440857848385, 163.164858816804;
126.07791793293, 163.433679582959;
125.723985537127, 163.464197857667;
125.58067435734, 163.305573521544;
125.708152576533, 163.091754778334;
125.971622297443, 163.099867345168;
125.98294766468, 163.145288275923;
125.944296777664, 163.170691217236;
125.731435262085, 163.575396302663;
125.161078306336, 163.322258230866;
125.030115557094, 163.241185651643;
125.059333733764, 163.217398454777;
125.292020524217, 163.130674477683;
125.626633557598, 162.78872428711;
125.731310792779, 162.730508282571;
125.610456422729, 162.891806016864;
125.48147491921, 163.414915647313;
124.896408315734, 163.453184234353;
124.491578824065, 163.087532429188;
124.372293094823, 162.952912139629;
124.433226273876, 162.517048349831;
124.659475904002, 162.835506697633;
124.773812683754, 162.745729312747;
125.091269344648, 162.684844277195;
125.420699509325, 162.40574285578;
125.468788926532, 162.178508784759;
125.388063944725, 162.215183077265;
125.498396700903, 161.974546687381;
125.714434303841, 161.655190954961;
125.718061334765, 161.605793255717;
125.67335541751, 161.74153937343;
125.521974964945, 162.483134201652;
125.242603594681, 162.896555004138;
124.9869726667, 162.909903661817;
124.720685244323, 162.915236646492;
123.67846277877, 161.139885531241;
124.263301282235, 161.660826296871;
124.48311963417, 160.35044412219;
124.592474258988, 160.280633081842;
124.593917471078, 160.773993816729;
124.58186166482, 160.828945368414;
124.555765072105, 161.047784596672;
123.583597991987, 160.849206462806;
123.483119218364, 161.030795475018;
123.61433553294, 160.44264157467;
123.961507204129, 159.146457599201;
124.135683293702, 159.112879355963;
124.255058082172, 158.930094042981;
124.382276407789, 157.670219459145;
124.58739386715, 156.970474996831;
124.732722085099, 157.084525357674;
124.711117027724, 157.639066501973;
123.743986881299, 157.33490722779;
123.113899695346, 158.23909767584;
122.784841273184, 159.171391745104;
121.662681423822, 157.971079385194;
121.627072504193, 158.44862061238;
121.580401339411, 159.110366709016;
121.113558566618, 158.527414400076;
121.55789485094, 159.51522299237;
121.792605996362, 160.055268725756;
121.919954954974, 160.054822331243;
122.041295758339, 160.449333150889;
121.882917377253, 160.377356872003;
121.524757702682, 160.174893956531;
121.614557424512, 161.074333882629;
121.442160184422, 161.110585957514;
121.325185098272, 161.14940730577;
121.343978011134, 161.424780925351;
121.335625047521, 162.806084547199;
121.10484616107, 162.154276783837;
121.052024298409, 161.8827034185;
120.98959130145, 161.49057511601;
120.960262483584, 161.0429581609;
121.482571883186, 161.045733281928;
122.422690873301, 161.513712013389;
122.612824357416, 161.105658739391;
121.927848973587, 159.987427125453;
121.534488203758, 160.156117512601;
121.237799949487, 160.029008092285;
121.591657517372, 160.603448684872;
121.399805022264, 159.972944211791;
121.364548825167, 159.395319249525;
121.746924964652, 159.834778831473;
121.50691412266, 159.400655906547;
121.265257685973, 159.443229994827;
121.495210503539, 160.45921369397;
121.331361503346, 160.208290310872;
121.20714837856, 159.861775302151;
121.056666363827, 159.721478245679;
121.104026692196, 160.070860148497;
121.383871144646, 160.387139219417;
121.240671913208, 159.543176578016;
121.539433546168, 159.561737933221;
121.931995823549, 160.15260270491;
121.353097373369, 159.1758479664;
121.128374176317, 158.919346237752;
121.003254885418, 158.798201466496;
120.95627771712, 158.748821329971;
121.486865953807, 159.639256615696;
121.981409426324, 159.886753100503;
122.427761976107, 159.640608569434;
122.573672425129, 159.148222771827;
122.556083544724, 159.13562973192;
121.881200539274, 158.701602808712;
121.539901515047, 158.915685373091;
121.610769651134, 159.891957681054;
120.869506049949, 159.215848075173;
120.56536717932, 159.005486876763;
120.4038212337, 158.919935391778;
120.292648470699, 158.960068146746;
157.100597177719, 162.403260342075;
157.006978215257, 159.879691581736;
157.017788292201, 159.826389279271;
156.991385743859, 162.28223017652;
156.904929973076, 159.849582377904;
156.848333281862, 160.035271724487;
156.798331063437, 159.867139123694;
156.739679278536, 162.711776612516;
156.642197257994, 160.255809208851;
156.543243244993, 162.819303101644;
156.453280689844, 162.981787809786;
156.256323656511, 161.007643657487;
155.950864830259, 160.811679010281;
155.871773472685, 162.960338630366;
155.878435890314, 160.212652922355;
155.893765211976, 159.70008509806;
155.908966234038, 160.598017488386;
155.987916463751, 158.429365620491;
156.10300743191, 158.591076126462;
156.096019939798, 159.320164786386;
155.870640253638, 159.258072833073;
155.468401445465, 158.943962892703;
155.230656658746, 158.294601206319;
154.204440694841, 156.159726947574;
155.406359832215, 158.165439716047;
155.113799974353, 156.553832800867;
155.633719915312, 158.392894973939;
154.589635975823, 161.183780444403;
154.294839134425, 158.576809954688;
154.218542135853, 158.728516451801;
154.167468439441, 159.416564104473;
154.002497672048, 159.87205385283;
153.916291438126, 160.78312682351;
153.745271346689, 162.372146716081;
153.571387327403, 164.935146856045;
153.497450370347, 164.196518452301;
153.323759075582, 166.110761490166;
153.168706938195, 163.564145611049;
153.071684931137, 162.654902270074;
153.23835203941, 160.821863877174;
154.256804190767, 162.908537533394;
154.073428663358, 162.153779844579;
154.062778550571, 159.461538589573;
154.081421241449, 158.731447595628;
154.570523415694, 163.571935654445;
154.242795587629, 163.52370916695;
153.215041787452, 162.378471062887;
152.946943729216, 162.941241570167;
152.842667409367, 160.957593941474;
152.597055043727, 161.283432408434;
152.403549757392, 161.124915405479;
152.682422195248, 161.208965051312;
152.818254782078, 160.965321828243;
152.805076323345, 162.138231205775;
153.114743029491, 159.343569361744;
152.596282531253, 162.699431194974;
152.168776112629, 160.526617370839;
151.714039145843, 160.746954181352;
151.328342872751, 160.537184022839;
151.890572132983, 161.69826418332;
151.461720476311, 160.635501303575;
152.01590776967, 160.398965171468;
152.485329166943, 160.403560149739;
152.763521151735, 159.033284459523;
152.7286988623, 160.883172701997;
152.694655143158, 161.085256643673;
151.414998691976, 159.443587966304;
150.386537701848, 158.495375578006;
149.651458182521, 157.528488656328;
151.149611027439, 160.778429799163;
150.678671334663, 160.037880868696;
149.458390907055, 158.004942668098;
150.282317690787, 160.963647591388;
150.174370782135, 161.801033154691;
150.170072033254, 162.260869092726;
149.991981934068, 162.634655160357;
150.002033868566, 163.213199630847;
149.90206839253, 163.41647251519;
149.44172770656, 162.627752991714;
150.040412384351, 163.239018831718;
149.416022506319, 161.013834887751;
149.474971956463, 160.287773704565;
149.493762279834, 159.320632098953;
149.446103476641, 159.036374416475;
148.583652104, 158.028865507131;
149.79438885625, 161.773683619407;
149.788170908725, 162.936035285822;
148.733208400169, 161.783917732703;
148.819141519296, 162.593122758025;
148.031447054774, 162.092714548464;
146.238657223548, 159.403686617534;
146.463902597057, 161.513785544971;
145.838042529622, 160.771983930296;
145.770835576514, 160.924548341383;
145.73759519416, 160.872264301052;
145.662746622904, 159.113296284705;
145.759150605302, 156.33391267681;
145.924558165467, 153.681210485148;
145.994842464506, 151.961372357491;
146.181152045672, 151.504447443881;
147.092125346343, 152.933278169111;
146.892387873207, 152.30755333639;
146.69666275742, 152.685877657528;
148.869654919139, 159.121503994127;
146.192031787108, 155.683467358628;
148.303307562036, 162.398118967013;
148.185970541505, 163.49255688188;
146.274477811388, 159.435010937561;
147.383800042072, 161.020818600901;
147.215210947825, 159.9852266726;
147.348111646935, 159.994858936485;
146.915018518007, 159.397695972158;
146.467541584349, 158.780188048197;
146.401382486613, 159.031464168765;
145.936900258435, 158.814039590611;
145.689268539091, 158.511158787017;
145.612787778261, 158.503361672647;
145.487764689147, 158.455896599663;
146.3237936131, 160.210986514179;
145.967236159201, 159.046720178043;
145.787413538743, 158.645430478846;
144.875746277147, 157.122098768591;
143.096261655781, 160.439159085851;
139.510507938154, 163.137867313374;
137.658191728866, 164.578116436586;
137.109399000787, 164.676503018643;
136.923220848847, 164.486411019053;
136.848179250528, 164.290490026439;
136.952487904026, 163.923923433602;
137.006096564212, 163.86557866365;
136.773213736059, 163.949259597904;
136.51632485481, 164.348912207925;
136.185919843274, 164.512544447318;
136.081023080394, 164.771513557152;
136.030418894326, 164.670594486129;
135.987677547074, 164.428875800114;
135.908839410883, 164.157414083409;
135.796699253999, 164.10282216789;
135.644691839642, 164.119504487903;
135.576947201496, 164.909989123453;
135.387447881068, 165.411853204334;
135.069589506551, 165.33086710659;
134.846734356291, 165.745693703098;
134.60700203387, 166.803983277895;
134.051768343159, 167.535271044143;
133.801246895207, 167.83662835282;
133.523772097824, 167.419613502067;
133.09045371011, 167.142872991021;
130.81006284471, 166.504710321563;
125.052419545283, 166.917273900302;
121.672697113657, 168.824646404065;
119.208460530758, 169.057200915015;
119.153262563492, 168.918343102709;
119.364399934119, 167.954278656744;
119.332359390651, 167.991138546012;
117.756710183115, 168.410694794458;
116.420453975738, 168.363741857589;
114.650808200608, 167.247641966605;
113.972025765137, 167.590378669409;
113.687351184759, 167.520844729871;
113.398640857415, 167.294169921857;
112.947866217272, 167.2643696374;
112.668747585454, 167.182787588838;
112.344473985088, 166.866306510518;
112.074693850584, 167.004977182309;
111.559067657008, 167.262804281288;
110.991934246716, 166.923800369154;
110.972669298915, 167.068132413007;
110.952077084706, 167.31316548237;
110.868947710011, 167.139849220193;
110.919481825888, 167.034448773439;
110.479056963023, 165.515082439886;
111.175576268262, 165.7319774161;
111.771246077697, 166.023847437477;
111.176476277874, 164.428629473992;
111.030901047655, 163.944379779475;
110.77598512809, 163.199794392042;
110.541470447337, 162.49005416319;
110.44008357003, 161.983382525761;
110.38730712582, 161.620437114025;
112.060213607577, 163.714960985296;
112.27897989899, 163.355223224504;
112.872028407138, 163.889162107718;
112.893043168925, 163.644325459856;
112.810928970297, 163.709510151424;
112.111520102996, 163.897376153674;
111.1840307052, 163.295728736732;
110.72072499531, 163.699801960713;
110.101738123559, 162.733464169439;
109.956468769043, 162.749863346263;
110.223075330551, 163.577669270746;
110.125108333172, 163.050724878077;
110.383711938275, 163.407651590189;
110.091703665231, 163.492177083859;
109.742590288838, 163.09598068585;
109.549177956088, 162.800772794261;
109.252443253421, 162.261425763898;
109.057662813393, 162.548578482525;
108.959417871237, 162.739341526566;
108.873088241988, 162.779595092717;
