162.537260222194, 161.668979337465;
162.987141718677, 162.164378546582;
162.133770785344, 161.116319570743;
162.134480298559, 161.17886813554;
162.570102383528, 161.542562026302;
163.071612573851, 160.247172287906;
162.790062008852, 160.030581088835;
168.954730257414, 167.859050796253;
169.112368970475, 168.341867591827;
169.216872606609, 168.779573509887;
161.942726744321, 159.032739068904;
161.50405528262, 158.964462617039;
161.770028785305, 159.306872741972;
163.185914041705, 163.751016079156;
165.446649791907, 167.495112713579;
157.707630170269, 157.698000068036;
157.293539482111, 157.281941011526;
157.433450318917, 157.153892543994;
157.833875749428, 157.386018756208;
158.00403596359, 157.520014306335;
162.746478181808, 162.831241277957;
165.375733093169, 168.51603605844;
165.963476236375, 168.396895291082;
166.635297893623, 170.135255882447;
165.076823512553, 169.838792216106;
165.090827348155, 170.125381550447;
160.112748915783, 163.041306449386;
159.657298805749, 163.312001960686;
162.527476741295, 166.402939434059;
158.168282446086, 161.277787983893;
159.831684172146, 162.585609849285;
162.941171344274, 165.799669280593;
159.017279010267, 160.017615320492;
165.771960469215, 168.42621295211;
159.439463174761, 160.114135373722;
156.576161381958, 157.302064604333;
157.710153993999, 156.927392770647;
155.242022785472, 154.720814969226;
155.96067470828, 157.202493635295;
157.437339963143, 158.805521014755;
156.578678783621, 158.320746579861;
161.791993617922, 165.05769800402;
161.592361930206, 165.041485120519;
162.778262826884, 166.377536947214;
161.026166296952, 166.393939033226;
160.127019433585, 166.707439793769;
161.149092615675, 171.340617243322;
154.535685463976, 166.403983935399;
156.591143782635, 169.23986432597;
155.828067480449, 173.345465869419;
155.426957156671, 169.828894968387;
154.915885440035, 166.363099115358;
155.830406603549, 160.78483107075;
156.274691140072, 158.973846567001;
157.004379802252, 158.522370677801;
157.688228097459, 155.660540730424;
166.516374152427, 167.666390365843;
168.65238515032, 165.809625814842;
169.99362499014, 166.662246216907;
169.662583829296, 165.310940558913;
170.278221090811, 166.27772306887;
163.286516403321, 160.205761780786;
167.027566471425, 161.949648184085;
165.197007176094, 161.22828961041;
167.448296069381, 163.58873970338;
168.815347219439, 165.743836215739;
161.846441979115, 161.140609070624;
162.233055332077, 161.205154679013;
167.259056504063, 168.117728048809;
167.801566939222, 167.073884776409;
167.583566980625, 166.763621995516;
167.348694100912, 167.687347855924;
166.860139380012, 166.867712456457;
165.818549046186, 166.274305602746;
158.565711218227, 156.120231344428;
156.454050755098, 154.553784545081;
157.161067599393, 156.030630685462;
156.959953170568, 155.505325120081;
157.263729558077, 156.89624181163;
157.728100698546, 155.839922202355;
157.87667740262, 158.25132852386;
154.526933928757, 154.574287533825;
153.804672125999, 152.80373895371;
154.636206642893, 153.869647950736;
157.390760912359, 158.770927983966;
155.349334316185, 156.769008102398;
156.927131119246, 159.037158048024;
157.063590816284, 159.53082800672;
157.175132280272, 160.847904013601;
156.759872324967, 161.155622773149;
156.591160920778, 163.881022305425;
156.608289625175, 164.351891894142;
156.609866011395, 162.407005712564;
157.106524392473, 161.944097473155;
156.799820818189, 160.168181827192;
157.36867793153, 157.787828437323;
158.774908043873, 160.567267105681;
158.967597014502, 161.002771278155;
158.525788727959, 160.140779267562;
159.626318356373, 158.659466212131;
160.009737813398, 157.448169598446;
166.493503352304, 165.295183527387;
168.746439139481, 165.07441454698;
165.587109249451, 161.994231646726;
165.020990193353, 161.352714025024;
163.07250154111, 160.455908563716;
165.822046208173, 164.751562986915;
166.14432835163, 167.111522836452;
164.570768873043, 168.122448316907;
158.225857583509, 158.366137864386;
158.442037791867, 159.133477997783;
158.164376038837, 157.708646786966;
154.756357636055, 154.134284109171;
154.891034657134, 154.192406835682;
156.003588917779, 155.989748105779;
155.941108252079, 156.282180761198;
155.634196577652, 156.214489074778;
156.695703468331, 157.266370443114;
163.322456506791, 166.055524981323;
163.219433906122, 166.615508861072;
160.080427089038, 160.405585201796;
165.371247003688, 165.862280763852;
166.635789543879, 167.462013993897;
166.401603265472, 164.540514165214;
167.308741548661, 165.128647598612;
154.361903231869, 149.505511604557;
158.205759440788, 151.412520293778;
157.227726817194, 150.822890242946;
157.01802492897, 150.594565858123;
156.865038054129, 153.560266289818;
156.832302264646, 152.628193025899;
156.683881606527, 152.507863807464;
154.612234877197, 152.193519883279;
155.088045719497, 152.669706147273;
156.21329822684, 154.33740637404;
157.450263736583, 155.246703113976;
162.094354178577, 160.255668638149;
160.631085404912, 158.329024616677;
163.366439238983, 160.986551257072;
166.885583096122, 168.145234247014;
163.932921166434, 164.586258338374;
166.692315556622, 167.862828077649;
166.925722425876, 169.452879151442;
166.97994137305, 168.711516429803;
163.439481154417, 163.56021276151;
161.614547960747, 162.81803578807;
165.215016038593, 166.52164335802;
164.853205551794, 165.981949749909;
161.886510304527, 161.355744135394;
158.55053555963, 157.660299770999;
158.65944576306, 157.980410219543;
157.729251873679, 156.720813189505;
164.511709859297, 166.351857972583;
157.647947831102, 154.432100506;
157.047949084385, 153.68683007447;
157.230671992322, 155.80282441361;
156.874251378778, 155.295970427632;
155.56423259091, 153.646214102262;
154.53599417564, 152.654872457958;
156.422300657248, 155.75971344354;
154.86833594397, 153.714690552929;
156.622579515137, 156.306788099782;
154.479458365586, 152.961575070602;
155.315224976415, 154.254603535165;
156.710544039578, 155.711107235956;
157.818462728358, 157.370492810861;
159.138391241371, 159.663167707825;
163.568999340214, 164.528234183843;
163.263325017621, 164.147912074009;
161.72998946348, 162.219442245961;
158.679499701118, 160.657260465862;
162.329860644016, 163.731145411625;
165.333994961619, 169.432382661587;
165.511543917797, 169.595514613648;
165.725798347798, 168.913100527181;
165.803857479736, 168.935109040478;
165.878366667233, 168.887564299434;
165.942838626407, 168.884604649737;
165.945400677508, 169.5469022184;
165.959026141982, 168.641334903782;
165.951456220337, 168.707848732199;
165.856083159969, 169.51736255847;
165.753777589453, 168.910270512515;
165.433654185065, 168.585037826262;
165.234745248505, 168.974090808767;
165.045818430557, 168.095717613282;
164.831779921316, 168.261787083326;
165.018297847108, 167.440039065853;
165.405520475786, 168.190618049377;
165.597675552325, 168.373706177829;
165.645201964145, 168.153512565134;
156.489460327814, 157.165890456795;
156.41822453589, 157.974636801142;
156.154243840142, 157.862834195207;
155.826388416076, 158.12458717521;
156.125622500078, 158.879856700244;
156.248914869298, 159.335376452822;
156.297528817184, 158.731763470714;
155.874748971654, 159.397676993658;
155.912839183973, 159.30078804295;
166.350787702633, 165.196719566293;
166.241233769401, 164.08247089329;
166.484591720323, 165.558209101567;
166.967672142772, 164.131852126685;
167.112260526317, 167.141841617366;
168.556849081367, 162.820427508626;
170.277072598236, 165.965714823701;
166.179552863068, 159.23786653878;
171.444257785374, 164.084865474692;
171.726810648717, 163.557548363109;
171.661319053169, 163.975918013543;
166.95166092329, 157.91647016536;
170.000277746396, 159.626355247035;
170.589403366219, 160.348729266329;
167.95836017713, 159.147384502753;
171.068333953301, 161.11032814658;
171.040550970252, 161.307370631146;
170.761983991605, 161.312758815743;
170.880851454894, 162.787894313716;
168.473878095876, 160.263276711673;
169.227446208757, 161.20604585202;
169.433908197273, 161.332767656729;
172.011117490433, 162.967277178057;
172.285387703348, 163.93908970757;
172.181212086923, 164.984504951317;
170.001327537951, 162.399288643605;
170.117016345093, 162.840844769795;
169.67937507871, 163.300305405666;
168.75901193497, 163.392040195111;
168.650978270143, 164.531401393204;
163.637187187964, 161.593551881859;
165.658893914258, 164.200341452448;
162.480814874019, 160.281715500594;
166.147885378377, 164.200248381359;
166.042659104518, 164.232470785057;
165.237484694852, 163.310668838492;
161.009961087034, 158.907259551177;
164.601504862814, 162.22697056915;
160.539760556933, 158.88649181963;
160.464581906463, 159.303282910377;
165.434689326457, 168.877381886736;
163.324033579492, 165.584036742023;
166.048944867891, 169.965343127982;
166.993465325357, 172.185700877811;
165.590653354193, 171.140900556093;
165.974399962704, 172.45791657512;
166.69178553192, 174.41212281955;
165.938430843219, 173.606170191876;
167.002512240605, 175.593243613133;
166.788068060522, 174.847618579601;
166.048495883174, 173.106202381912;
165.57032109053, 172.340530644281;
165.480262781296, 172.213566193423;
165.019908494147, 170.947157878323;
161.780870573639, 164.238581262898;
159.109034551341, 160.285633642172;
158.863507994852, 160.197821544026;
159.371804368078, 160.102704010749;
158.825733142045, 158.873326258404;
159.506445201863, 158.764446612453;
160.061164782648, 158.766748104935;
160.08596157267, 158.018844931575;
160.329702226522, 158.389300020089;
160.168731840517, 158.610872229973;
163.526130742804, 163.394102756871;
162.418979041059, 162.289519647439;
158.861555171318, 157.959784668779;
157.964066666307, 158.322738293193;
156.454361190554, 158.515769882646;
155.368435272995, 158.433720216711;
154.342421959731, 158.542197537218;
152.598402734233, 157.610473646712;
150.563213765265, 156.158363744034;
149.623780837791, 156.180968351241;
149.64119551735, 156.219615800095;
149.011215946816, 156.322086293647;
148.940920779254, 155.904439460029;
148.32866533252, 154.868641139998;
148.372084757195, 154.955898853289;
148.741308963427, 155.393181955674;
148.775462112566, 155.391330239742;
148.615596534336, 154.944079695785;
149.333264633164, 155.560795166928;
149.650422815305, 155.719956479617;
150.274098729822, 156.385368045556;
150.215308110298, 156.523927435812;
150.608966939174, 156.994446359378;
151.566368837672, 157.96336347747;
152.030857770839, 157.044480002738;
154.072367628553, 156.923582069404;
154.891574472223, 156.580042390559;
155.161054701289, 155.259151514028;
155.9214061043, 151.998493893637;
162.334920399559, 158.135748208321;
164.47447548269, 156.179957828991;
167.462864833539, 154.149400071211;
169.224758447172, 153.437473577894;
165.865198381483, 150.076168738458;
166.154466402615, 149.358081550795;
160.155527633402, 141.4822662296;
157.598281051469, 142.307157333322;
163.246042976209, 150.210981022828;
162.504944327224, 151.14967603835;
162.708127853988, 151.494967386347;
164.856352857863, 152.071976215009;
162.942408774362, 152.644909584317;
161.943865623915, 151.058310714229;
162.831437115887, 151.660733545204;
167.765033800473, 156.609243986702;
167.602609909377, 154.225147326598;
165.461466363868, 155.908277503867;
165.775571557009, 156.941145441256;
164.964265927495, 157.166375283217;
164.650265468827, 157.040196145156;
162.705561405173, 155.255124912837;
162.278008258536, 155.342309928483;
161.213297463669, 154.993347136355;
160.969728172698, 157.428393635291;
159.847849741902, 159.455637557461;
159.134934702965, 158.586617825066;
158.061646606815, 160.312858298517;
157.23255860291, 161.393523486481;
155.235781818994, 158.755537571934;
152.713393020925, 156.426966841441;
153.109838040829, 156.323260267952;
151.905196831791, 154.458191684564;
151.442215768967, 154.615964735034;
152.55310967236, 156.646793928329;
152.250393864403, 156.203274086856;
152.062664046386, 156.064976362244;
152.968137109633, 157.167464459691;
152.157948874035, 155.747752724436;
152.727141749352, 156.676807107621;
151.493828212105, 154.780046282916;
152.117945327307, 157.446875353025;
152.388993993317, 157.854004481606;
151.528170353411, 156.242204085492;
151.732868618042, 157.178908072224;
151.555513937453, 157.064001492023;
151.702688224579, 157.108558753218;
151.805460419037, 157.273260301303;
151.777106145075, 156.957346298697;
150.107737837894, 154.327618131919;
151.187546067118, 156.062684724394;
152.165971907999, 157.132403398594;
152.768023305905, 157.634853665591;
153.557585521766, 158.208293605041;
154.485978573771, 158.719448434621;
155.504233491179, 157.145017825555;
154.979137072221, 156.637929181087;
153.421101314283, 153.781413021124;
152.797666360189, 151.767903036541;
152.279110845628, 150.814152440103;
151.911602902053, 149.567365074226;
151.129919922948, 149.218404492164;
150.153867238412, 150.227503776133;
150.138200280625, 150.933567884229;
150.039950553793, 150.837541204686;
150.365292755648, 151.628276701777;
150.447915769524, 153.473215549287;
150.504770513238, 153.112654415971;
152.127037258537, 157.168266331705;
153.502314277723, 156.841214307036;
154.758692050177, 157.702017159302;
154.858422090605, 157.752249845389;
155.706060102485, 158.69407910519;
156.417285924043, 160.931025188206;
157.004171232204, 162.381365630235;
156.84710730652, 163.392044871786;
152.871080397699, 157.390794726631;
152.580839378287, 157.788419923195;
154.912224683997, 163.349175044948;
154.946921135212, 163.805226476513;
155.074263911272, 164.46747837485;
155.245858070718, 164.352070043827;
155.20119376885, 164.819437382914;
154.839115846137, 164.67294856337;
154.716054128506, 164.778529798727;
154.641041468152, 165.230855427371;
154.440504944933, 164.316939734468;
153.60554617642, 159.954196378471;
153.381575768038, 159.7832362771;
153.075114678756, 159.398296659282;
152.767998568576, 159.575056292093;
151.794220120575, 159.090121902803;
150.547828931555, 157.927898606797;
148.460556991393, 154.974858251663;
149.11418393574, 155.269276252083;
150.796148602042, 157.268945285449;
155.062822343552, 161.468304239906;
157.660041490486, 164.490169996216;
156.077861234628, 159.854803558596;
157.335355828291, 159.743351249494;
160.630337177208, 163.293642850792;
160.958607368284, 162.141209129392;
163.358804595884, 165.158883731908;
163.059541094032, 164.736663964765;
164.199603767629, 164.601945108046;
163.674033789811, 164.395602323571;
163.952197052939, 164.173238180514;
162.047228385868, 165.753823441873;
161.707127896791, 165.386991995892;
161.366126042637, 166.750125531535;
160.904100433067, 166.630343333171;
160.98514680078, 165.415224122511;
160.06933664239, 166.396488771384;
159.538559354364, 166.303539927634;
158.956962515907, 163.797562947669;
158.651460447309, 164.698047872756;
158.351343225598, 163.433835189854;
157.934399770593, 162.985473542132;
148.967018373267, 150.279357438245;
149.001826005628, 150.386847968492;
148.853163795636, 150.273407427801;
149.039067204542, 150.832017369416;
148.965349366234, 150.828946245683;
149.083681080779, 151.54018214824;
149.249000786911, 151.645039117472;
149.220829764695, 151.472285811336;
149.23419469286, 151.252730510292;
149.281582030348, 149.771929901192;
148.751709733987, 146.307102241139;
148.070620751526, 142.851482830218;
148.157372228003, 141.711480663835;
148.211131154781, 141.379227197892;
148.698522886635, 141.021751946692;
153.301089313043, 146.577024665031;
155.708368973594, 146.804353829219;
156.888269401684, 145.215478483273;
157.187914816559, 145.162688188775;
157.517671902701, 145.679194484527;
157.671696282201, 145.777727625346;
157.691189115065, 145.772704267426;
157.792033766732, 147.064749340736;
157.735204769147, 145.868610328685;
157.703427017488, 146.31684664039;
157.542388509077, 145.936040796057;
157.4466144366, 145.625907915422;
157.277916043952, 145.622548907133;
157.238163239044, 145.644072614875;
157.249664497171, 145.401055854764;
157.219097696989, 145.661884514981;
157.194541695366, 145.7628827661;
157.23177227649, 145.878931866744;
157.159547727361, 146.151153190619;
157.089912686584, 146.469444258063;
157.161201556426, 146.640068099706;
157.186334219328, 147.192265324597;
156.975024245744, 147.761202278718;
156.901640838477, 148.12571954942;
156.832432960553, 148.138779947155;
156.82854718018, 148.367255637971;
156.799290779092, 148.619392769552;
156.291543461858, 148.39028780115;
155.747183550509, 149.682747822216;
152.551331147676, 145.319937715632;
153.415149363779, 149.347533156639;
159.923180645436, 161.469950656811;
159.272241682424, 161.637833196433;
158.91697209654, 162.49835847962;
158.662707927359, 163.12550136263;
158.441900231908, 163.141911382525;
158.058127012328, 162.654347165599;
158.340721733139, 163.404482314343;
158.286380295653, 163.27998265146;
157.981136225728, 161.557791385529;
158.948004061466, 160.135208174533;
160.513507804892, 158.370863624161;
149.935820174819, 139.317750149667;
149.758972966889, 138.807804416501;
160.33805691338, 156.043454544426;
149.345317860109, 142.249680976614;
158.278951639776, 157.786194760645;
147.512174801122, 145.337024489092;
147.003158349405, 139.791486993086;
146.64066604717, 139.119980058445;
157.066503790464, 153.66508862565;
146.023876244512, 149.47078624627;
145.925490841319, 142.881151224764;
145.874779716033, 144.970368020247;
146.331019082503, 146.775593356149;
147.136747065155, 142.37216915304;
146.778943220246, 140.083279788249;
146.247580579797, 139.96761729549;
158.331604113054, 158.938299420958;
145.916545892709, 141.363504390329;
145.91157651118, 134.058376113302;
146.55740828939, 130.862933623598;
148.058963963405, 134.225270886771;
151.359442228525, 128.127901947319;
154.507596203438, 127.577359322082;
159.130394255736, 133.969313460015;
168.369226846522, 151.844266246964;
161.114756414363, 136.002611079978;
161.628460234411, 135.88387367869;
161.334824353603, 137.117914846262;
162.139559957243, 137.32976518524;
163.083460630331, 137.884058493728;
169.933084144295, 152.99833161993;
169.801303389557, 153.11269688484;
169.801787464091, 153.034388285998;
169.782185838443, 153.167111458741;
170.082294160887, 153.807129124116;
169.446808959697, 153.561534258324;
170.049920979039, 154.246044729641;
170.542760449214, 154.569829087677;
170.299791742521, 153.968502621094;
170.606005799859, 154.46775746888;
164.015017158041, 140.421885268632;
169.401815560614, 153.904742128182;
169.704501503272, 154.425973452812;
169.858662132102, 155.203372432312;
170.267588187103, 155.48105992587;
169.833666810945, 155.049999476307;
170.105202740348, 154.843519135596;
170.339794208448, 154.834107842688;
170.48732495573, 154.83538508023;
170.483446257413, 154.529273911623;
170.59274053341, 154.620364928643;
170.133206473787, 154.480172098108;
169.260068027521, 155.362530353501;
162.133206805452, 144.899500666768;
167.878133402715, 158.377277541567;
162.397198300187, 152.647274507122;
162.032153424676, 151.024461874087;
167.195216535418, 158.793997911887;
166.523347475936, 162.390058373811;
164.846898209273, 157.138657149643;
156.087331791297, 148.06246175318;
155.89781860234, 146.805716819258;
164.100645670946, 159.297672379599;
164.086189724162, 159.546309739751;
164.086433566029, 159.439594663117;
164.235464705953, 159.560955576626;
164.337124558353, 159.788653902787;
164.376504155529, 159.391732077534;
156.267722121848, 147.930020166861;
156.611818092065, 148.113760069807;
156.548436767144, 148.157042952215;
156.459797896365, 148.173367008254;
164.24581673105, 159.80164220077;
164.213249627292, 159.625730789952;
156.103262210794, 147.714085734811;
156.119512232458, 147.332923204075;
155.85362033208, 146.707164204486;
164.036685026144, 159.292221665034;
164.337136436926, 159.663807112511;
164.610848642431, 160.269631455213;
164.557532318947, 160.805698325832;
164.470269390283, 161.264876853871;
164.330847899503, 161.399495451123;
157.299512198676, 150.069067077525;
157.111298869598, 150.209694468564;
156.808224019762, 149.934702814511;
163.650534741172, 160.976220454748;
156.455924332444, 150.211756499483;
156.8123963568, 150.046720633598;
156.719712755588, 150.088774728619;
156.461756216076, 148.650782494177;
156.071497563853, 146.773611545423;
155.930558201036, 145.73720566404;
156.229952539899, 145.225597241376;
156.085955402798, 145.10864757973;
155.948759332696, 144.829669737247;
155.650771275905, 144.686010717368;
155.024533771047, 143.933565202154;
154.91306258771, 144.458851757808;
153.509828007765, 142.218643841148;
153.107073935576, 141.145530197885;
153.797870854445, 142.523828880793;
154.172078398976, 143.439824052906;
154.446929787447, 142.888393660941;
154.421176425369, 143.682252973895;
154.372724272808, 144.112282979892;
154.338243279751, 144.58930130784;
154.247427596937, 144.652313026285;
154.189515654822, 144.827770687893;
154.355882672966, 145.060833288385;
154.703245841158, 144.975177715018;
154.450675138188, 144.159145801091;
153.633577408614, 143.594157443661;
150.065007986138, 139.31487496955;
150.505714703153, 140.28254693566;
149.887130605886, 140.020904135576;
151.972543480938, 141.793675736306;
151.775967313435, 141.770848069262;
152.565027879989, 146.919015620836;
153.815188326997, 152.6162816052;
154.256111714479, 154.112928332538;
155.959006700582, 156.417900803637;
156.759020473161, 158.548880147454;
157.503783987556, 159.27266119028;
157.508329572877, 158.366321100183;
162.092995994482, 163.970991902094;
155.290427505938, 152.62220437889;
157.952501852403, 157.66165369015;
157.719179773186, 155.480361996548;
157.381108322798, 152.663013664919;
157.610820286268, 151.200919428206;
157.794975743384, 150.837694122554;
84.0130300755365, 168.172488563087;
82.8786406142569, 165.836038864401;
82.9129944218073, 165.847365323763;
84.3673534999169, 167.439713738681;
83.5883033148462, 166.353106999734;
83.2831988718583, 166.437690415697;
83.0908637196236, 166.129170031643;
83.9865693823532, 166.676957319689;
84.1548053806281, 167.362003499449;
83.0841660545974, 166.194041921536;
83.0525760161547, 166.122541395598;
82.8831670807347, 166.609851504857;
78.9231865529332, 166.507430821165;
76.8168608540849, 164.962436888;
76.1491515372538, 165.299641619038;
75.1043240720415, 165.122112252379;
74.8805671527278, 165.533326062335;
75.1044490103574, 165.753548092936;
75.0150385559124, 165.311374861687;
74.9054899967933, 165.199471739779;
75.0947237007326, 165.605771362019;
75.1042211165772, 165.528169607106;
75.2031650206095, 165.54301685626;
75.2594560219948, 165.61521164027;
75.197106850542, 165.69534855426;
75.2273152915596, 165.814497071315;
75.3982746263887, 165.986566876712;
75.7683605175748, 165.491347617285;
76.8768732651386, 166.451960494331;
78.4118226273417, 164.276273658598;
83.5632483469974, 165.180523909534;
88.7515568931773, 162.671368146082;
92.646435462558, 162.942025592165;
100.533657592674, 170.711640429821;
96.4067899327809, 164.555255733852;
96.5420277756777, 165.034493318825;
96.4242842548057, 165.095924154176;
95.8960942988674, 165.313900708964;
95.5760926848707, 165.506096631546;
94.9288912256318, 165.022661765464;
94.6504687084945, 164.929964875953;
94.2525532141627, 164.45017410129;
93.9523136146381, 164.376365237444;
93.693159267771, 164.430848134591;
93.4848689568693, 164.255810134173;
93.3801946673277, 164.1898600162;
93.0025644166404, 163.598361816993;
92.9933844596465, 163.797487009876;
92.961199193811, 164.0987758306;
92.3954116273377, 163.697531163872;
92.0383894931731, 164.014074960207;
91.6734691245075, 164.188079279572;
91.1638496572378, 164.530962183424;
90.5492474963107, 165.032956795682;
89.8633394806982, 164.78925216412;
89.2766733470385, 164.627818180175;
88.046303305396, 164.557450687231;
87.6855289178959, 166.332000976451;
87.4365979581219, 167.205807096431;
86.5792686640278, 166.50438412767;
85.4351307805276, 164.163996867133;
83.1899441796009, 161.588167675053;
79.6807692291811, 156.423324369603;
75.0099922599225, 149.099597256694;
77.3627382738628, 151.889849257855;
79.0341220839578, 155.31320030322;
79.9789427960409, 158.279821930214;
80.4228315789357, 159.092666419395;
81.9189326796488, 161.460672350214;
82.1781807812276, 161.709765510305;
81.9237750242912, 161.395561754609;
82.7484641698576, 162.467470418224;
81.1286706265266, 160.927801249808;
80.2325861227882, 161.222026482056;
79.4116098365877, 163.846899407831;
78.9240865307195, 161.882812586677;
78.8101480058892, 161.145827591779;
78.7034964385766, 161.561056261789;
78.7006421188962, 161.706017292647;
78.6528136658013, 160.997433313821;
78.4688261437974, 160.571867505859;
77.8360457687777, 158.733819868076;
77.7556019479969, 153.78955658182;
77.8461746461476, 155.163806090329;
77.8089391829629, 159.111032834621;
74.9863662468285, 156.000446520038;
72.7358095206395, 155.964226363766;
71.6605231492105, 154.650555124167;
71.4273357880082, 153.292518725831;
71.3270964932916, 154.334804464015;
71.3433425714112, 153.391933496961;
71.418415462355, 152.174356226352;
71.3250344469415, 153.873538469904;
71.314729232408, 153.228422330394;
71.2446207835428, 154.266074124115;
71.2504509365138, 154.266161171876;
71.3512769852574, 153.671689966275;
71.4225620869812, 152.251376771557;
71.5342976622839, 153.545776185998;
71.4397034053615, 153.045426561137;
74.7051117106007, 154.934065460231;
71.3005208770128, 150.204647592746;
75.3280168513962, 157.789350654341;
78.8159283549699, 163.271828787361;
79.6492080864237, 167.970201351049;
78.3367142129505, 165.134661976688;
79.0950733256584, 164.57814894781;
85.3691507697785, 167.118971095812;
89.7797880169512, 163.554471401321;
93.7754672845814, 165.528710781478;
95.6188894092999, 165.757363837363;
98.5800967373366, 165.796407671588;
107.109668191477, 172.288640871744;
107.648594596461, 171.768594655012;
106.856127943047, 172.281944670125;
103.378233827801, 168.946457222987;
102.341029461092, 167.969634892636;
100.854371842562, 166.916238962555;
99.9945661496517, 167.3393453867;
98.8078210903782, 166.099903436711;
98.4787430710215, 167.237628537945;
96.9442102950558, 168.145809111186;
93.0633110952868, 167.671584814734;
91.2833378844032, 172.324955771619;
90.628961186017, 170.060147705171;
90.4619448517745, 170.887775634751;
90.3975333998702, 171.792129613786;
90.1141273922145, 170.069696475718;
90.1479031506515, 170.293695174157;
90.1179240783072, 170.092313273929;
90.0172037331106, 169.089870633556;
89.9447355383323, 171.320045494515;
89.8790489893591, 168.691624675792;
89.5107230783593, 168.884925417963;
89.1935173995384, 168.832238914102;
89.034371925416, 168.76840302226;
88.9752781551006, 169.135012188938;
88.6792459936977, 169.248696678554;
88.5515115269739, 170.39113653252;
88.2331175077449, 170.098385235921;
86.4943032903273, 169.861656856597;
86.1993905132484, 171.594407546307;
83.5390235415611, 169.845091875529;
82.6642895891927, 168.915779041361;
82.5171986679416, 168.335174824497;
82.7207012865741, 168.069429946211;
82.6396583529348, 168.960925742425;
82.3542272379478, 168.720276020079;
83.7730599234124, 168.339865925415;
87.0874341372897, 168.00914774097;
89.1357175631814, 166.007126567353;
89.1456459697552, 166.420322619864;
89.6326266308667, 168.640028397854;
89.3688249595166, 167.110261705797;
90.0227216589078, 169.35672877764;
89.3870399327021, 169.962330356423;
88.8381878673367, 170.283863005821;
88.6343114973244, 170.482718317872;
88.5523500234173, 170.567903011425;
88.2632930894912, 170.129019427518;
87.5355500119761, 169.547355491814;
87.200818539625, 169.296252229495;
87.2550999733396, 169.508469466743;
87.134012688719, 169.394218170315;
87.079383299847, 169.138694067485;
87.1127840766672, 169.375933411482;
86.7701452095572, 168.889872610554;
86.4109008602153, 168.438061241867;
86.7183275297528, 169.979719385478;
86.5872954720826, 169.912047537552;
87.1923917257595, 172.099231922245;
85.7758894930834, 169.791617631747;
87.3985033535354, 172.110218812885;
87.2156786429447, 172.435716033685;
85.9681424846938, 170.237461482215;
83.5009265798607, 167.22989045723;
83.453164263804, 167.459461322298;
82.6416239232778, 166.267764416452;
83.3997177486783, 167.560039528586;
85.4681126096367, 170.938281082757;
85.0471661698718, 170.394826836684;
84.9229461800496, 170.117897044365;
85.1907387283552, 170.513659328582;
84.7286174101743, 169.965988674488;
83.6452683243597, 168.551721498414;
83.1304002901278, 167.964517323584;
83.3219202584375, 168.310380473683;
83.8805037967403, 169.100334404112;
84.1380884317663, 169.46880636819;
82.009692810941, 166.795701314552;
80.0784832397454, 164.997858461357;
82.147706816241, 168.26747813443;
78.8548151765389, 164.186682620849;
79.5727332206423, 167.621191239865;
78.7188414749389, 166.248310726527;
79.2690017399779, 164.775881287047;
80.3104041435312, 166.864456570661;
79.6406721103615, 166.239021339641;
79.514836531881, 166.097732466109;
79.3275790379928, 165.625413847636;
89.4482269371572, 170.831194362565;
89.4998560496777, 170.481989805822;
89.7934251397909, 171.280014942461;
89.7109772636645, 171.043432946795;
89.4465333714132, 172.204886658916;
89.90339681137, 171.615401415041;
89.8287457647185, 170.549825475998;
89.870303457293, 169.86008454458;
90.1642124000176, 170.198977395989;
90.790974141505, 170.943176649763;
90.9426200910565, 170.954073899707;
91.0130418027373, 171.39832864398;
91.1061367727617, 170.919883282358;
91.1664016910444, 170.973255063172;
91.3301227796399, 171.002695388294;
91.7789732420753, 170.652476403799;
92.2469807342884, 170.504479893459;
92.5978019764234, 170.906432046812;
92.5606007300001, 170.889802445223;
92.4366250165776, 170.795158255807;
92.9649488855151, 170.532248427242;
93.1970678487795, 170.552230425902;
93.3265506842345, 173.02442746012;
93.1824994277828, 176.015096453329;
93.1825548614733, 176.887319461232;
92.9976929178013, 177.923673868652;
91.9957348432802, 176.350528964652;
89.8445781510808, 176.653521267585;
90.1700383680301, 171.865160140399;
90.9883055830135, 167.705054250266;
91.7320863494807, 165.013112447333;
92.5642185323845, 166.106960838078;
91.8484120212753, 168.115507685646;
91.6119054551596, 168.143641198827;
91.2495364789874, 168.12664465446;
91.3468263806633, 168.441908380741;
91.4243935196921, 170.173421807329;
91.2173484407001, 172.295153235051;
91.8654967063013, 170.983421089469;
93.3055352254602, 167.147418116238;
93.5890973848233, 172.824388656161;
94.1277650279626, 170.554364642915;
94.5863945005065, 169.550443583908;
94.2295199853808, 170.405618201008;
94.1229176619195, 170.59803585504;
94.17830832843, 169.545798731957;
94.1245138229006, 169.09354139935;
94.1285100207571, 168.421501058575;
93.9431630515871, 168.757507262686;
93.8340523109365, 168.866871954651;
93.7400007472596, 168.526329580487;
93.5286318821714, 169.20347288643;
93.7306122928329, 169.871710471105;
94.0022202870645, 170.027514398874;
93.548108107777, 170.763458157429;
91.9754330125228, 170.18121630179;
89.2437417156999, 171.109127248914;
87.2344385831428, 171.15574964302;
85.6816855978006, 161.9878798933;
85.4823326587722, 159.046227126094;
84.9654825361186, 165.009410904057;
84.2715682503047, 165.386872258601;
84.3901219864704, 166.339977618424;
84.4216952062607, 168.281655874658;
84.308507461785, 168.420807624016;
84.1537735521498, 167.325311770014;
83.9927681733825, 167.121306475922;
83.714873532129, 166.113062579457;
83.7126410774715, 165.505204201078;
83.8669921440435, 165.417243746827;
84.2086427644433, 166.53759082639;
85.8058799080422, 168.770634215281;
90.8065498070218, 162.006493641065;
92.9396211084566, 164.229522394785;
94.2958207087003, 162.878934863051;
94.7552743777236, 161.072157700954;
94.9595423638662, 161.122605487345;
94.8996110521981, 161.52667564527;
94.7187341375062, 162.607664941015;
93.8799758388432, 163.680571556263;
92.914140897672, 163.697433232874;
92.0608585847372, 164.072709521592;
91.738479742603, 163.558934236325;
91.6869362395732, 163.389534405902;
92.1940773073122, 163.495294098763;
93.0724253636947, 162.394154539109;
92.7751909667629, 157.871931795588;
89.8890388200471, 150.480814871405;
90.139966280714, 148.500701273484;
92.6677704330971, 152.217921859262;
92.8610088166759, 154.175384287052;
92.6218362030863, 151.57833871989;
92.616973413394, 159.23425567548;
92.6535221008516, 161.263976125463;
92.7390469430295, 160.522406607645;
93.3044964368973, 161.665997501828;
93.5719495663714, 152.050818519917;
100.570875458988, 159.733706582161;
103.699582276472, 155.03356050474;
104.150821165319, 156.351074446418;
104.269463391593, 157.12833221508;
104.29733518954, 158.661757547895;
104.061555705796, 158.420711432463;
103.523421097015, 158.634335119923;
102.424077905408, 159.891784102656;
97.9499064036357, 159.495987685762;
85.0810050377123, 157.263469165804;
78.8884824566891, 163.172764411898;
72.8655870166556, 165.096914546501;
71.6377039003527, 166.290517018944;
71.6270108452019, 166.14577010561;
71.7438568578596, 165.666983029288;
72.2390869135775, 164.987053076787;
72.7659146822283, 164.469310942071;
73.3710459817608, 165.58805777186;
73.5302812286301, 169.418445359829;
72.678618218201, 168.853629482644;
74.7383332101693, 171.793673892475;
75.2053078830484, 172.752519062255;
76.062918475679, 173.367812696765;
76.583390588644, 173.268454920324;
76.5045849268808, 173.348251332156;
76.5165211124432, 173.386626500668;
76.4411322852151, 173.504274041606;
76.4447208861585, 173.678010137557;
77.290942098147, 170.91562351552;
77.0248365529232, 172.790541508315;
77.5697743920876, 174.376791102031;
78.4988536588004, 175.466583108348;
78.3958553210534, 175.428015385846;
78.3203260486352, 174.64660376047;
78.5614172865251, 175.332430849931;
81.2320268665739, 175.910547912114;
81.8467583287373, 171.466172330286;
83.3880685582383, 174.416099977714;
82.738958870061, 173.696505971605;
82.2559332763879, 174.426507650666;
79.4078767264752, 172.738376772174;
79.5795950163246, 174.595356359581;
80.0714628551591, 175.686188707056;
79.959319343799, 175.834653657007;
79.9555013346118, 175.197383193313;
80.3529969658129, 171.987565721192;
82.5784302022924, 175.247344356838;
82.7687387933503, 174.91299968726;
83.0919492085166, 175.018875018277;
83.6534806215178, 172.016472187085;
87.5326737503815, 171.69917693242;
88.4583867705423, 174.098975987866;
88.4487832775919, 176.692307560375;
87.8449720430535, 175.793016459829;
87.1417361002163, 175.503169968744;
86.035648291191, 176.095970780078;
83.9955078730801, 175.865836239092;
82.980858920567, 174.782301877713;
83.8966257733947, 176.52031181397;
83.7378928805624, 176.266979748745;
83.4672996721097, 176.117202719553;
83.2560819237738, 175.97236035258;
82.454288157143, 175.969214837728;
82.5418720325394, 176.188241367777;
83.1833955655287, 175.65556561578;
83.5895772619336, 175.500490957873;
88.1803073126888, 172.94685247173;
93.9910810987596, 172.46136616739;
97.4344589599109, 172.334680743072;
97.7716339249188, 172.388514016957;
98.4424700043712, 173.15228813795;
98.9215861065208, 173.10435169744;
99.3706357273369, 171.633463553786;
107.407038773431, 174.099995354214;
111.19267090816, 172.084124038741;
111.285229985993, 172.619599835947;
111.105115494231, 173.509362413949;
110.760468457087, 173.769558343924;
110.555189260921, 173.704124328738;
110.455421429636, 173.620206057641;
110.37686533222, 173.554541902839;
110.851627274597, 173.233314077747;
110.880338939063, 173.233127701076;
110.401758236856, 172.939582287652;
111.193569148928, 173.529927723103;
110.934279702402, 173.332591711871;
110.702183973311, 173.358694220439;
110.646395886064, 175.053349487631;
110.983266571376, 173.222081455185;
111.14093168222, 173.359504993623;
110.877117988596, 173.236515919382;
110.011725765702, 174.871931510308;
109.677223291189, 175.081081604026;
109.569297720576, 175.153243000281;
109.275594066609, 175.160712558665;
109.244069001026, 175.209012281539;
108.702471017442, 174.902318652926;
108.504065299802, 174.793003266343;
107.906820153531, 174.617464874826;
104.518756233837, 172.527124415135;
101.52400097613, 171.574948163487;
102.032568130417, 174.363837798022;
101.725806125402, 174.37343365831;
103.062241680024, 174.914090753124;
102.162652486699, 175.11447261879;
100.032629384918, 179.109851890013;
98.2893546459459, 176.59542074117;
97.5812133081124, 174.126580489053;
97.9654621610758, 173.332827093856;
99.8017848281678, 174.234135370187;
99.9398686466356, 173.842916154641;
99.4869922899014, 173.505440684768;
98.8849496969298, 172.638231596474;
98.499966348436, 172.929720003838;
98.4867306639999, 173.63473927483;
98.5983102263106, 173.814414670952;
98.1977270603587, 174.073832715494;
98.3363592688258, 175.308925525256;
98.2569446736629, 174.21559962989;
97.4032798571604, 174.316423986896;
96.6071641068781, 173.78783335269;
96.6176730031066, 173.37730375322;
96.4536093824007, 172.208408317546;
96.3827702954361, 171.667247696641;
95.929818315296, 171.578003838837;
94.5399137683151, 172.341656784728;
91.3590848107534, 171.004792602339;
90.4347128375695, 170.945906551578;
90.1995383328934, 171.051196078002;
89.4299755711872, 170.936840200249;
88.6997761694821, 170.521356116903;
88.4020414747208, 170.230126788225;
88.1853973249266, 170.132632580802;
88.0727439722941, 170.361165025248;
88.1455140469605, 170.958678214541;
87.053078948045, 169.735088605433;
85.5584871871243, 171.220450080258;
82.6919693133394, 171.95284257462;
81.742733500599, 171.821179492547;
81.5299388358165, 172.059064627295;
80.9588178785546, 171.592664779676;
81.3608719223115, 172.333323352735;
81.2153302098828, 171.979871561496;
81.7495348612683, 172.532361597824;
81.9820214857785, 171.817859033528;
83.5555881636977, 171.791568630585;
85.0965788991645, 171.410630464363;
87.4577869696489, 171.200608299776;
87.9540955801091, 171.682597245912;
87.8154041726146, 171.864953432043;
87.9102844365702, 172.247515891774;
88.6217094098145, 173.932657309897;
89.0389248018787, 174.161974532856;
91.0600937742557, 173.521697979261;
93.3763316681071, 173.189444617012;
93.7275763465582, 173.824300533494;
93.8422367164705, 173.838270008574;
93.4887298560225, 173.804558685895;
93.0803138428546, 173.464726134591;
92.8996989503822, 173.942953271211;
92.4544515038949, 173.790198186719;
91.2179479493278, 174.233833302655;
90.0622701793174, 174.690542550281;
88.4855468014038, 174.635638028935;
88.0881873855032, 175.003598912353;
87.9546490602759, 175.205531423582;
87.690218963775, 174.698938042289;
87.3146947726113, 174.327474721193;
86.6348353912509, 174.352922121685;
83.5641039203735, 173.841991396716;
80.3082748631068, 174.507398052399;
79.3794265384765, 173.256568544873;
79.5008613276838, 172.418616807517;
79.1223399410702, 171.352765633863;
77.2038892053537, 169.770675952476;
76.2337210285579, 166.019539514016;
75.7487134295683, 167.391716683753;
75.4638134055095, 167.392172670364;
75.3736362095372, 167.613431978415;
75.61760030263, 167.3483105495;
77.0392760579691, 169.269832239091;
82.150225091827, 167.400921186192;
85.6532793926309, 170.553289882882;
82.9552195132447, 169.85964560291;
85.8344779983771, 173.177909242651;
86.2144151619341, 172.224364043781;
84.2504153877478, 169.98049429669;
83.4912583393154, 169.936324499498;
82.6144814871141, 169.160174986914;
82.6401754139009, 169.322094075841;
85.2454664291897, 171.374929702619;
86.3518230892422, 170.644250860417;
88.0352961854798, 171.282536339145;
89.8114571091276, 172.21645001326;
90.0052897145604, 170.917739325562;
89.9386882814784, 170.803052828441;
89.9800808687144, 171.903857083746;
89.9275777517652, 172.798353412874;
89.3544954055626, 173.872821214299;
88.6622031878385, 174.045566429788;
88.1035601908769, 173.850722438252;
87.3554836931072, 173.78807400475;
86.5563556001855, 173.593596245407;
86.2347258649611, 173.722525558558;
86.1868184442619, 175.090780903472;
86.0296264375804, 175.498225157515;
85.7094404615257, 175.610933943812;
84.591341349643, 173.407018147676;
83.7495716591078, 172.487869880814;
83.4747286099786, 173.27877629634;
83.6808589049557, 175.718508801731;
83.3229748226075, 174.898334148552;
82.5624336951164, 175.303328952975;
82.1579895650072, 174.545862258415;
81.8820861778067, 174.894927539127;
81.5150719794241, 173.709919391508;
80.0659517164519, 171.636953364054;
78.0131700432799, 169.81431925492;
76.8230607811111, 170.511653575795;
77.08227101608, 169.910017824601;
78.0064224637821, 170.30296194146;
78.414971597927, 170.268477230419;
81.2120651259228, 173.056971545477;
86.2927616833236, 171.469771743644;
91.839726731888, 170.232523632894;
97.4563234689908, 170.325330151075;
100.007311047744, 168.258891234953;
100.671126821005, 169.760970493252;
99.6321988883341, 169.997763051501;
98.1781223884688, 168.847887874177;
96.9078606850086, 167.698384203362;
94.1033487055734, 167.442523923618;
92.5935576214738, 168.1448220018;
91.2030062465586, 170.281399781015;
90.1363599143703, 170.942732477898;
88.7928140031084, 170.595181687366;
87.6723789994383, 171.096356995451;
85.2815991425747, 172.333707815318;
80.7698833953548, 171.973918502027;
77.207100538768, 170.381158503513;
76.5320530528277, 169.185434542513;
76.1524101032154, 168.655490845083;
77.112616444866, 169.425940478994;
79.0440967885696, 170.362097174008;
79.1382767553595, 170.62578283044;
79.74741414512, 170.80217552892;
84.8738277028209, 172.347447547412;
86.4759010354807, 170.782928563841;
87.807055548663, 172.599071656157;
87.75232585838, 171.162155448577;
88.7222586167471, 171.077594013965;
89.2733403398853, 171.202554861889;
89.0745275221519, 172.181878110766;
87.1124257065192, 172.816802397163;
86.304209187368, 171.701676051401;
86.2505323954089, 173.23496740882;
86.3972036197199, 173.341567363189;
87.5566469540144, 173.225526657014;
90.6824604738946, 172.680080814494;
89.5300455512643, 173.820158404845;
87.6583497306058, 173.050388243296;
86.8550528331031, 171.955444309504;
85.9809214177996, 171.41856998641;
85.7272436454445, 171.396891870631;
85.2702685997667, 171.577577149322;
84.7227393114971, 173.043995615808;
83.9911134463343, 173.924799471968;
81.4207593469443, 173.007116702027;
80.0787868026778, 170.552677412791;
79.9097357350394, 169.66259886737;
79.9375597616971, 170.28152097922;
81.2631683723304, 170.959403278604;
81.782676790617, 169.761225285338;
82.3282286319456, 169.117617081921;
82.7105723778192, 169.814923218106;
82.549971476521, 169.420769372652;
82.381123138716, 168.888480123327;
83.9202311137221, 171.43842821683;
85.1210397275738, 173.381198035296;
83.3689770051271, 170.408597158676;
84.1515622078064, 171.730735433171;
84.0255863214296, 171.592426391771;
84.0347279943143, 171.115535953026;
85.73206094722, 170.301564379562;
88.208114366604, 169.709819053135;
90.6303775932102, 169.334874865808;
91.8554869782773, 170.276047149438;
91.8338055891322, 172.586962335153;
91.9395993112528, 172.343048232826;
92.1156046114127, 172.099524295685;
92.4004702905527, 171.662010524442;
92.4029824764225, 172.951183060084;
92.2996506415799, 174.353668874183;
90.588097155752, 173.567684719677;
87.1787576611399, 172.071062156286;
84.2995781739338, 168.970737538876;
83.1882096642961, 168.836723081538;
82.981355042011, 170.467978294028;
83.3627641751311, 171.516219961654;
83.4514291394556, 172.485598638039;
82.98544633793, 173.184267796651;
82.7734879847849, 173.446495626835;
82.6918943220017, 173.720459237872;
89.4302630680518, 94.0259881554036;
88.9725632051586, 95.6005180469104;
88.3722426495684, 91.613490737209;
88.0875769767662, 94.5801245391423;
86.9694467229706, 90.5317467475737;
86.4682088517528, 90.2100518547822;
85.7588119113773, 88.9480773026269;
85.5749730328866, 84.9498613770918;
85.5776093071419, 87.3374480231123;
85.3987888227444, 83.2469841463362;
85.3104966186362, 83.3247560122159;
85.1699668139113, 83.8797373894747;
85.3085239341616, 83.9806444824742;
85.105787172691, 84.1615588575826;
85.0657027100779, 84.7782474997894;
85.1205225251241, 86.0042766927412;
85.6893504962387, 88.1597776497906;
86.4862302289034, 93.0590827634491;
86.4708896600297, 90.5184748419112;
86.2562224863542, 90.5354533917519;
86.5727761556713, 93.3938469543393;
86.7980286736712, 93.8095445662405;
86.8971014363565, 93.3242415062985;
86.5056422915478, 93.4229626526704;
86.5580855333519, 90.6952426802969;
86.9439316499546, 90.8254785312066;
87.3273410620638, 90.9329621848913;
87.5609753179941, 96.1169824310916;
87.7771734871443, 96.6056129968754;
88.4331473363504, 97.7022448175355;
88.6616945254981, 98.5031164666878;
89.2432884192206, 99.1500620930387;
89.1183527479809, 99.9862396103094;
89.0866251172698, 101.114984291419;
89.2691559281654, 101.828504070333;
89.318688598276, 101.826065369161;
89.2281577928475, 102.034109876864;
88.9907946856478, 103.084693481774;
89.1110417606664, 104.302838160902;
88.7555293980999, 105.085251767059;
88.5445203555854, 102.625385058433;
88.4968162058743, 107.080484850015;
87.4518538288414, 107.163426978557;
87.3798440221678, 107.288798550436;
86.4660069101253, 104.106557776065;
86.2445702234266, 104.379539052913;
85.8580443385472, 104.247904957283;
85.6686491169581, 104.693996753962;
85.5963477630621, 105.941246811748;
85.6033485300714, 106.072417731514;
85.6408290139997, 106.393928749942;
86.0023867806927, 106.851896011724;
86.1549137555403, 108.19523880823;
87.2092247798451, 110.544050270636;
87.4329502480488, 111.551033874262;
88.2097176973729, 112.389737927972;
89.0912481050968, 113.526209046144;
91.4982952134593, 116.479907021402;
92.6645018132858, 118.159081652395;
93.8443932057708, 120.889659755075;
94.6236480518569, 121.450273927943;
96.2311682141502, 125.825071208633;
95.4168753568255, 126.376722560523;
94.7108165340895, 128.634032464559;
96.8370862411252, 129.158185417666;
97.5912733681372, 128.926600934465;
98.3163703247073, 130.252307158202;
98.0936038574395, 130.019781018202;
98.0306553100247, 127.887776356154;
97.6554742646206, 129.284195294481;
97.4653368042886, 127.411727306945;
97.0814314896742, 122.653498405992;
97.3141314057726, 122.518981803228;
97.7109510986173, 123.285515081996;
93.5605704048014, 120.185668772519;
96.8851564940566, 120.215467932814;
96.5223552597525, 118.773717056824;
96.6187711685339, 114.113636132297;
93.4254888584092, 113.660597177048;
94.3467331728573, 113.7228562022;
92.0060025626653, 113.709272812131;
89.9736826389254, 108.85349481207;
88.930080930036, 112.953667238801;
86.1361696585778, 108.923960808693;
85.2303392376418, 108.155984970206;
84.8423994445008, 114.932549621586;
84.5680303181019, 115.028174080007;
84.3484090978714, 111.456849284131;
84.2159022074279, 112.432588556098;
83.9857029204436, 123.931493413285;
83.7914990926646, 118.223292862694;
83.4899598068508, 124.386316245829;
83.2201934239137, 119.276054944051;
83.0584695990986, 119.063046906707;
83.0910618219594, 119.621733229318;
83.0387712290959, 120.466023856522;
83.0203663153107, 121.487728012648;
82.9328605244881, 122.935445471469;
82.8023963038862, 122.713901103569;
82.7532806150024, 122.730312466664;
82.7307882189539, 122.735853980354;
82.7579717801395, 122.592864450217;
82.6980343008726, 122.646777818277;
82.7529932513017, 122.721643597002;
82.86494952067, 123.012336449191;
82.7679336394685, 122.919171344884;
82.7585672674692, 122.939246378709;
82.6570951055581, 122.886683858514;
82.6128556791043, 122.587421539461;
82.5221084997041, 121.217065724601;
82.498425880159, 122.905287954827;
82.1678542192348, 121.958705251357;
82.1037574558547, 112.721753489015;
82.202400937007, 105.955143055152;
82.5811669598096, 105.723693199165;
83.868527457634, 109.838946104727;
84.7297058899486, 109.148511255085;
85.6442733615579, 108.58915516529;
85.6968506716521, 108.578366735063;
88.3137490536816, 108.333054984295;
89.3348452845226, 108.457727640915;
89.0436511849631, 107.696233545431;
89.9766996500895, 107.987210972793;
90.4022510562441, 107.535076836115;
91.2260672650042, 107.791596959798;
92.0826782356083, 107.42185168811;
92.7352148758397, 107.44074555441;
94.7801308086065, 108.652098283985;
95.269670240707, 107.604551126626;
95.6038266257569, 107.039027041688;
95.7997407233372, 106.880492992048;
96.1481423824336, 106.573135207863;
96.2635072144495, 106.357515581897;
96.3205598755324, 106.309699556567;
96.7966933209455, 106.290548271192;
97.1618846379412, 103.172256494968;
97.765421489044, 106.496033830702;
97.9297270444253, 103.286557538708;
98.1002074618786, 106.835577383325;
98.1287783967649, 106.296237105825;
98.4040881355423, 106.589763041931;
98.3679210321382, 106.699920833797;
98.1964819187385, 107.226683103024;
98.0995934918451, 107.285957418083;
98.0465082692211, 107.085228217502;
97.9911451452234, 106.735892324456;
97.6818891085438, 106.440110948678;
97.1103501868422, 105.361863030583;
96.569101779701, 101.187248701843;
96.0639725329024, 100.57588396666;
96.0977029579176, 99.3132893157388;
96.0597593408677, 99.2964708132963;
96.0749225973678, 98.7953300693425;
95.1706869089024, 103.188961494718;
95.3256306699378, 103.595475350395;
95.283242461323, 103.608273782699;
94.9259038984744, 102.634376927371;
94.7485884736012, 96.866360242147;
94.7380075279113, 96.7765905968331;
94.5233513991693, 100.863264158846;
94.7878928669753, 96.2336441374486;
95.4460028575429, 100.77018655358;
96.0813722179325, 100.974312604145;
96.1911041066787, 100.547869045991;
96.2719639841472, 95.7422505634289;
96.615265522689, 99.1408606386903;
97.088644410187, 96.2250182469223;
97.3452859845375, 99.8460228192057;
97.7109245507614, 99.7257708948558;
97.7465659630106, 99.9001441037579;
97.9982058027743, 99.8617497256911;
98.2693714934457, 99.4477727042032;
98.5501832344373, 98.6779842552182;
99.0504921403852, 98.4609276030095;
99.256230772896, 97.034538908057;
100.943465573535, 97.2522289446384;
101.39510438896, 96.5670638194746;
101.794421537312, 95.9735758215622;
102.281739145546, 95.9587681397933;
102.780526543535, 94.5615412497689;
103.028907619983, 94.3384106822922;
104.035946972084, 93.694245721022;
104.494470730408, 92.6645325466236;
105.07527941926, 91.4990465284467;
105.594103293716, 90.8219527242002;
106.269461309697, 90.067574110972;
106.47938047586, 89.5977497545707;
106.861015741069, 89.6849703180398;
107.143901740986, 89.5837250376478;
107.807724703982, 88.48376994968;
108.248497122223, 88.2615252734531;
108.429816920979, 88.4960710168307;
108.742539476885, 88.7842338622386;
108.772013827607, 88.3778436495424;
108.699752362852, 89.0281324356552;
108.98346663275, 88.1818790622953;
109.069697712084, 88.2456328501649;
109.135171184332, 88.3200148078917;
109.44142397248, 87.7757352597758;
109.975151339352, 87.0047602892099;
74.2481085017041, 62.7867923756202;
74.7972111570017, 63.5345453237244;
76.4871488598551, 64.0752983693508;
71.6115155305585, 60.7558114313468;
74.9526163447277, 62.7065751660355;
74.2550275827708, 62.3055754703937;
73.2986797947382, 61.8268644140551;
72.2760485967947, 65.8370771602789;
74.607859614359, 65.7811802900709;
73.6520688118486, 72.6253077825427;
79.0758817630968, 74.038806741329;
76.3114200982906, 70.7314370355276;
80.5463321491103, 72.006755840415;
68.8033738578031, 63.8372151144741;
72.1776839176019, 65.9109537314557;
73.6894189383701, 67.9792585615316;
72.1497690705524, 67.6257080335786;
72.4146900324471, 68.8139070244744;
73.0134713976449, 69.2026726109212;
73.7882997969558, 69.6518135759815;
74.9093110029865, 74.7048827732797;
85.5969051065668, 80.3869972803141;
89.1546243067316, 84.2113622710793;
90.8118579366671, 84.7990804553708;
89.7448949282807, 84.0269934182006;
88.4309889429187, 82.5905719854613;
88.0364155907884, 81.978534021209;
88.341879503339, 81.9339498603259;
87.6115456928978, 80.2525840109495;
86.9109524501676, 80.0346450636488;
86.1490705768177, 77.764467773335;
79.8080168269284, 78.153995467937;
76.374251180322, 65.9736102436578;
76.6899543166754, 77.3484138708544;
76.3323389331772, 80.2623016484178;
76.203130858971, 78.0773051951721;
76.2814020740987, 78.3934841004666;
76.0110921279685, 78.0097262585543;
75.339903421984, 78.826164821848;
75.2153193954664, 77.5696378061389;
73.3981712832987, 74.8226372645737;
71.2197246010434, 73.404402382002;
73.5175442639912, 73.0609154158534;
73.7490509813467, 74.5612967550522;
73.7972402985028, 74.8684501362505;
73.7563142921057, 76.2799944555845;
77.7570740030794, 77.4179421270572;
79.4792411261221, 79.3438546586717;
80.9850660435185, 82.4270928750292;
82.3667096931351, 85.6903859672121;
83.8998318183962, 84.9660541114349;
84.1442730132675, 83.6169262046932;
83.8014915057493, 83.4908397724113;
83.0131625960766, 79.6880273835576;
77.6832405781163, 72.7891560894782;
74.4861688176308, 68.0891691749307;
74.0712707949503, 67.9797782529486;
73.8485166756653, 67.8576445290426;
73.9003158823434, 68.4739122671783;
73.1045539406279, 69.1611429961995;
73.4288194873762, 79.9707794278757;
72.9977614661409, 85.1073354173042;
74.2363352294952, 78.9524101665058;
75.2031218647162, 79.2309186916252;
77.7769463966312, 80.1038917812631;
79.2142968843073, 76.5491588177788;
79.9131323827752, 78.218971710903;
80.6546716431168, 82.8342392843846;
80.8645592901613, 85.1231163473942;
80.7254055864608, 85.5231669121737;
80.5566329645615, 85.3179284913552;
80.2642030087189, 85.0826826855497;
80.0317641886087, 85.1024716372282;
78.534035894267, 84.0739164134423;
75.8266981666063, 91.3498590604287;
74.8503994968095, 91.1631219828034;
74.684343492973, 91.1531572439712;
74.6074046963394, 91.1217216657751;
74.5826537676042, 95.6904026379591;
74.4495314213833, 92.4807855987628;
75.4805773240797, 82.7411455200135;
78.16488695799, 84.2199244799109;
79.7293584209099, 84.97024338663;
80.4080698192065, 85.4800789663639;
80.3653150508925, 85.2388450500136;
80.17677550058, 85.5103726354737;
80.2521110222898, 85.8606758164877;
80.2529909356462, 85.6303717074758;
80.3787251911533, 85.6659825372964;
81.1561676318715, 84.6978850688058;
85.1065648167678, 87.9791692846831;
85.3645394077114, 88.2168435101365;
85.5909276789936, 88.3888636646993;
85.6954774576738, 88.5233117074269;
85.75652348569, 88.4624232605033;
85.5627861295971, 88.0991358724848;
85.5815592499512, 87.7983345398784;
85.6175929432489, 87.6262066776687;
85.398827111668, 87.4185316649188;
85.4096486404839, 87.1245072761313;
85.1945580026315, 86.6499641259126;
84.9063672829058, 86.2755013799275;
84.2462583657201, 85.4586073122698;
83.5971287027421, 85.0641380777252;
82.5763191801328, 83.7707366505289;
82.3308175060327, 83.6000160075251;
82.3509177671806, 83.5738230663262;
82.3722797437352, 83.4571233004506;
82.0649649600765, 83.5385682995578;
82.1602685459902, 83.4651962595481;
82.0694689047409, 83.5979923932857;
81.9860882526806, 83.5951845495255;
81.4996766255668, 83.5023903173067;
80.6651422958373, 82.8488683769055;
78.2674046668796, 82.0431041567454;
78.1311733201961, 81.3209449015807;
77.5940383234479, 81.0933328254701;
77.3020546911769, 81.0762025820599;
77.0134633678951, 81.025539515689;
76.9605304301675, 81.0385092724582;
77.1426596535849, 81.0046206780962;
76.8632417973919, 80.8288503874587;
77.1349896476367, 80.7747866731524;
76.9111761158015, 80.7948426446477;
76.8339544140051, 80.7853440218533;
76.7466173525749, 80.693929047609;
76.6648456248529, 80.5126492425747;
76.6024006753237, 80.4519012560484;
76.6478965521606, 80.9814043378585;
76.5918434141343, 80.8466397400852;
76.5590210020993, 80.7885738023499;
76.5945809864886, 87.9718756679151;
76.6952891282984, 81.5717295968646;
76.9082393527335, 83.4948545768799;
77.0101241235457, 82.9376570492782;
77.2777017833142, 82.9110239902127;
77.4448959774107, 82.8860667372017;
78.5118961018069, 83.1091757783619;
82.2149541959829, 85.2334017784073;
84.019829235128, 85.1646906911385;
84.2693024989283, 85.6131122928805;
83.7456430440613, 85.1875571731329;
83.3705070442395, 84.7022719479518;
83.2984598405358, 84.295222184404;
81.8432973995528, 83.1573395414347;
80.7783321827188, 82.3931316763709;
79.2280693973757, 80.9825805114767;
77.930987297743, 80.420034659947;
77.1606571424583, 80.5542893045588;
76.9967006658023, 80.6289167200475;
76.8503912866652, 80.5325861041988;
76.7711905633823, 87.5235364703597;
76.4632473163317, 80.1147271938206;
76.4147090487365, 80.1855126038221;
76.2605175420904, 87.5080412935344;
75.9888715594929, 80.3538895441015;
75.9706244003108, 79.8012074909258;
75.9107519217137, 79.3547420345914;
75.6788599659903, 78.6801296397107;
75.8081411380096, 78.4321353944308;
75.7347757129007, 78.753961012462;
75.712782592774, 78.5437437751079;
75.7675388029338, 79.5367429751719;
76.362739811998, 80.2432627671835;
76.7371699476994, 80.9211323276368;
76.902826642788, 81.0976203311847;
75.9117383012343, 81.4898864120705;
75.1623315590727, 80.1175276304415;
74.1956097599648, 80.9656736238485;
72.9812716030562, 86.7895588781145;
71.4579747522197, 86.4133360006741;
71.3440043548232, 86.2962532275018;
71.1793194633294, 86.2401108156371;
71.5293982566092, 86.8031864538687;
71.9512892517227, 87.5824163725237;
72.08685421423, 87.8957707303573;
71.9424589560023, 87.7873407822414;
71.6644546318488, 87.3940106312961;
71.5377701517198, 87.1575201606868;
71.3339516716064, 87.4959131299211;
70.9975570728389, 69.5017842883461;
70.7097790954238, 68.4953905561702;
71.8311023178394, 79.5177674066465;
71.026884902217, 80.5197525710711;
70.2002104694647, 79.1059665718833;
67.9098078114499, 77.104768453349;
67.5259944831793, 77.4461677093452;
69.0595730880062, 78.6866398926563;
68.9784609007814, 79.0309935702677;
69.2236204866836, 79.5708787708806;
70.3628519021762, 78.4125294011076;
73.7506307692045, 68.4951039379959;
75.0168994183731, 69.9587654128012;
80.4705642991799, 79.7855067222464;
81.9369204830097, 77.3861107025786;
81.9891728045343, 82.9750674007527;
82.454682659976, 78.2430311239771;
80.5576777670548, 81.7813978293395;
79.7164770142491, 77.6264046846638;
79.3939623459377, 77.6115138551866;
77.5317963594334, 78.6028738974773;
78.8933179040727, 79.2452943394633;
80.0974494587077, 79.9462661751223;
80.7099835887496, 80.1838705806139;
81.2613097987937, 80.8289556041448;
82.1009430147071, 86.5782755781917;
82.3666108284049, 84.2341469779284;
82.1679662456043, 88.611349542705;
82.4262385377203, 83.7472849943092;
81.9478722182676, 83.638565595714;
82.0020585751769, 83.9745921629279;
81.8734453855539, 88.0635686485625;
81.6316715621905, 83.6057483651108;
81.627043164363, 83.1262276065177;
80.5501016210588, 80.8530929420512;
79.6259553385041, 79.436280072257;
78.0915169431149, 77.6873053184321;
77.7186519783091, 77.7944089796283;
77.47519119225, 75.8418044885952;
77.7379906727019, 71.8371903172601;
78.391675929992, 71.6766232476833;
78.042553393767, 72.4626064699026;
78.1594375369265, 72.7686700783865;
78.399889325784, 73.1021085635272;
77.9512362231635, 72.9826534289866;
78.9939191531061, 69.4876436034425;
78.7783614556108, 67.0733572173577;
78.8778947507399, 71.1816969848465;
79.6125237753245, 72.6004504640465;
81.0309779957255, 73.1509502607984;
80.2001404496497, 72.6541973342651;
80.7626168068767, 74.029789578309;
79.4258909731484, 75.500699609111;
79.1578280276038, 75.9703814548704;
82.7573788172733, 76.3110764404272;
83.5341216779553, 75.8028599855278;
81.4098069003225, 83.7298188048973;
79.3110023301028, 80.5404883084595;
84.0266894198417, 79.876187227387;
87.5068885714461, 78.7900126529202;
87.1764847414291, 77.158864210764;
88.4145535736186, 73.1612959254193;
88.5505572216044, 76.3355356880698;
88.3709772701061, 74.9563418271985;
88.3099787463476, 75.4356631291078;
87.7627588869275, 76.4534042788143;
87.1129265588749, 77.1994118664317;
85.9903222231066, 76.9467825726974;
86.1872661060083, 77.594122473703;
86.5688681638489, 77.8146676202819;
86.6331541229189, 78.480615736346;
82.5968855558621, 79.0337846773441;
80.4772343196734, 81.4642984667422;
79.716162040997, 81.8776415938716;
83.6848679117351, 84.8127773287566;
82.0891464279576, 82.1796751264193;
83.7433328197723, 82.7386491766593;
82.1990550872657, 77.4982550425427;
80.5297488416639, 77.1699954454099;
81.3774743952566, 72.0905177609056;
74.9349114190809, 70.2927578111276;
72.720120515397, 68.9010164248116;
72.8448334014495, 68.4590758084344;
73.1052444874387, 68.4359763900803;
73.3441816009139, 67.8765912268547;
73.6437833725199, 68.0396531207624;
72.9483694150868, 68.034000553041;
72.8015788163529, 68.2327253779277;
72.7754529916266, 69.0210316957335;
73.3178263676006, 69.160661350385;
73.2774102216037, 69.9394562211309;
73.480069456201, 70.056482447634;
79.9490002478465, 68.6799113417337;
77.4866233459842, 72.6562407404494;
75.8326375316827, 73.6099651646106;
73.5758422820729, 86.1750702782089;
74.4310649957557, 70.0554656211062;
74.2069348968158, 70.1654257250314;
75.6742978963069, 72.7276773538043;
79.1131080637561, 70.4864587449894;
79.4603630479679, 72.0349944912814;
78.6488988205935, 71.7389372914344;
78.8742746501919, 72.8691202426736;
81.0618762441569, 72.4939191401176;
79.0353338699295, 77.113963758774;
87.6098815340509, 72.8078306821317;
90.9680900327427, 73.823701136708;
93.1173377170582, 73.3864807282718;
94.5418727277728, 72.6467372096368;
94.4914689034898, 74.0981232594018;
93.6712417562581, 75.9363731344848;
93.2568645053049, 78.0876850223141;
91.4996271990018, 80.36141723018;
90.7696997948047, 83.3343345245107;
89.7063340769271, 84.8776884856793;
89.3415889000964, 85.5838507494947;
89.1564518138306, 86.1089584547071;
87.8187086298582, 84.6275664777177;
88.059150482158, 85.5256993874295;
85.6965538308712, 83.8467830272753;
82.8345967903616, 82.3425772098952;
79.953151659751, 81.2979261233823;
80.3512886040874, 80.9426115750854;
80.1533445089003, 81.0855947417;
81.1616472587506, 83.0077690433705;
83.1312810000101, 88.7312254109226;
83.126095929625, 84.9694088398742;
89.1538341014277, 87.6072211237636;
92.3551699579943, 89.1126371019025;
94.0906200229515, 89.3185034774905;
94.4668772511278, 88.3671842273355;
94.6255383988074, 88.1583761423972;
94.3514392248474, 90.1771971307886;
92.0642226396019, 89.7280813844682;
92.5137210368431, 89.8349412118595;
92.6299472852208, 89.7638625968167;
92.0788530129015, 90.4778051108668;
92.8237115750837, 90.4548229058252;
93.3893690402646, 90.3604017415775;
93.5417846214596, 89.2061821389623;
93.6566376873821, 89.7809265830768;
93.4157824809094, 89.9030764591508;
93.3981426089303, 90.1003450477762;
93.4564318890116, 90.4640404665101;
93.3295254800306, 90.2305317809517;
91.7296225805088, 89.0068281555679;
90.4692344575297, 90.6415148755818;
90.4386974359657, 89.6264414272352;
89.8456805168008, 89.4481149396801;
88.8572184297726, 88.8815405040065;
88.8114471902281, 88.446431649895;
87.9260478285856, 88.8051347058354;
89.6266835345258, 88.4152432883752;
90.350422912354, 88.649213512211;
90.9515477803376, 88.3164745015326;
88.3666684412145, 88.6935340988994;
88.219999816208, 88.4507749042001;
86.8824755667348, 88.9890302396632;
84.9803335920851, 89.2764057821084;
84.9271891166021, 85.9673216549467;
88.5553802047698, 87.4051791502221;
86.3497806280807, 87.6390953228412;
85.0318969092073, 88.2228774237176;
84.2634153465688, 87.551807337598;
83.6986960965537, 90.1836619685222;
83.6797993026809, 89.5409124310896;
84.6383361027174, 87.8225809645608;
85.1396794789767, 90.1847657881552;
84.7923910218594, 89.4268127951661;
84.777486690576, 86.4934710441288;
84.6993725194479, 88.0090124996032;
84.5302089399141, 88.5924680490054;
85.7679823119334, 88.2477046108288;
85.6705154446929, 88.510350273897;
85.7033908826413, 88.3774589377558;
86.1196072396425, 88.8318931285899;
86.5934551699787, 89.1332230633668;
88.5878758594714, 89.0997127917696;
91.0051209460418, 85.7818397430952;
92.2456398206751, 88.6597422753367;
93.4366032219617, 88.0759403370129;
94.2473185746608, 87.7418000616255;
94.2230029345537, 89.4303717497809;
94.0626437058808, 88.5853181722714;
93.7422650629264, 89.6557476145755;
93.5900613443909, 90.2676279185751;
93.130128092165, 90.5001812438748;
92.8108164373157, 90.3476352725635;
92.780620808105, 90.3713216951816;
92.91378837348, 90.5626068880813;
92.4815749715869, 90.8741653840754;
91.4274499862749, 91.2720240572645;
92.0083710244044, 90.9230510136135;
90.7476113530469, 91.9475062256255;
90.5522726227596, 92.7383395571278;
91.6179354163453, 90.7005568842365;
90.9996764816603, 91.194864356577;
89.155989089021, 91.1861997465202;
89.2965394033663, 91.1797257081293;
90.1253586951569, 91.7858338336343;
91.1670071048333, 89.9951490930448;
91.8183863853355, 89.8627393287065;
90.8199130400917, 90.1859718423849;
90.0083709250673, 89.7686415451469;
88.2206641869745, 90.1217286702152;
87.3884092453322, 90.0574326923623;
86.9314986463634, 86.9770617114275;
86.6640292675062, 90.0917792350211;
86.6366657755301, 90.3858561354397;
87.1542991133341, 90.4906788961724;
87.3142151289497, 90.4677769571864;
87.3685268652099, 90.699538960124;
86.9166498633813, 90.8515979862962;
90.4237811162688, 90.6075206661307;
89.3529670283146, 92.357885291962;
92.3762077092373, 91.3995098404473;
92.036646805016, 93.2490354932368;
92.6693505600642, 92.3995882414869;
93.0461418318556, 92.1956084493057;
93.0457173326324, 91.6983806211276;
