101.401895794345, 106.212274526788;
101.369456250961, 106.223764015514;
101.805099936849, 102.039876094884;
101.853197384888, 106.505947858861;
101.869399641997, 106.641442090032;
101.343709282152, 106.194478947388;
101.664087688402, 106.623047695141;
101.654213438575, 106.738253945858;
101.414128352006, 106.483107003602;
101.245244387604, 101.236853038891;
101.486058052535, 106.279917990437;
101.456963670807, 106.416504624321;
101.673641829904, 106.583814255291;
101.79671657111, 106.790328298328;
101.84478609928, 106.731030395202;
101.875046817263, 106.751598639796;
101.766979852831, 101.822872085338;
101.690625830988, 106.646739146662;
101.914401495905, 106.825734299225;
101.997778776203, 102.069247165223;
101.620773220993, 106.402978266309;
101.78526648699, 106.66929283573;
102.01484323914, 106.829620238854;
102.188278062081, 102.301781405535;
102.083074709372, 106.990632044218;
102.308600307823, 107.1560136946;
101.99149165517, 107.198201873168;
101.603308347271, 106.918997733442;
101.778304830487, 102.187722178227;
101.758256333842, 102.456541156427;
101.415548564108, 106.179625265578;
101.840923377581, 107.384301276465;
101.262378946677, 106.039654157403;
101.006994472126, 105.963073612191;
100.820997434089, 105.800245093994;
100.88698558212, 105.879961606009;
100.719756764753, 105.725734135106;
100.645900136112, 105.686672571172;
100.910764458059, 105.919540216296;
100.852044364574, 105.93719957747;
100.719283163349, 105.842286276324;
100.746680646233, 105.860556061437;
100.858891783966, 105.989469243563;
101.017236559462, 106.176318708272;
100.832773246871, 105.947096395127;
100.886593350092, 106.039160561309;
100.959937728362, 105.996591595181;
100.914330048847, 105.961533644554;
100.897234223792, 105.901113202579;
100.820886682193, 105.756484797651;
100.625561085711, 105.534260927922;
100.655398597634, 105.517489854539;
100.444083029018, 105.375371530665;
100.491798277894, 105.444521242372;
100.899583599206, 105.962075200412;
100.828419114796, 105.986137924413;
100.865673232942, 105.970183002249;
101.028839580609, 106.079386158383;
100.863386292119, 105.834412459737;
100.796869391367, 105.766799870971;
100.675904617545, 105.620069616669;
100.833028328781, 105.743502374773;
100.642861574627, 105.509235273759;
100.563518492329, 105.466398290364;
100.662846208116, 105.759423791325;
100.508446204342, 105.640530345609;
100.392347073237, 105.543274016129;
100.308022529524, 105.455448112251;
100.034638010189, 105.210103710043;
99.952460846843, 105.14233049107;
100.104221370714, 105.283420769854;
100.161896785517, 105.29039926651;
100.454577013428, 105.547568755216;
100.637620369437, 105.810804452286;
100.422188117177, 105.558290189719;
100.388100004738, 105.622042251466;
100.637885379104, 105.889655859078;
100.722837621267, 105.929835530579;
100.845332496451, 106.131669797086;
100.721892023757, 105.985836044535;
100.635024467581, 106.120660180165;
100.588414718571, 106.265846466805;
100.532690640907, 106.205806137968;
100.487782570104, 106.113132454314;
100.197211085911, 105.724940079457;
100.163450477745, 105.653299653938;
100.139842516339, 105.492316147564;
100.354311177154, 105.581270005717;
100.361124822276, 105.553850364762;
100.003147677422, 105.156341906707;
100.035265291652, 105.257653081779;
100.017194057536, 105.223748924955;
99.9323439793178, 105.157568232411;
99.9831350309145, 105.20553055892;
100.010114534976, 105.192310585081;
99.9751064420476, 105.22319400018;
100.038840610884, 105.302110635877;
99.9447376865065, 105.286942825203;
99.9411468703422, 105.226016595347;
99.9843557112861, 105.191659369567;
100.138571038393, 105.390530343475;
100.141644987487, 105.517619257995;
100.024835887845, 105.4193510798;
99.9783889478968, 105.39039096391;
99.8188028322361, 105.393089217901;
99.8510462208265, 105.461533895146;
99.9273107557812, 105.615496860302;
99.9189834634314, 105.632467978332;
99.9866880476335, 105.734826222368;
100.023879307275, 105.824304058084;
99.9946019845268, 105.764051484405;
100.099249909439, 105.833668858488;
100.147412329226, 105.885068322646;
99.9993110982327, 105.813135712833;
99.7168028691271, 105.656796804216;
99.6890867885163, 105.713477570745;
99.469756215088, 105.638939411814;
99.4023342087324, 105.701657485574;
99.1935094597339, 105.65467100171;
98.9674515057405, 105.515383175226;
98.9042707092566, 105.467947664713;
98.8314694341262, 105.417158198321;
98.7524258914377, 105.356938420366;
98.6254446960631, 105.245265105352;
98.4416432180719, 105.143837316868;
98.4328436915386, 105.189383220756;
98.4809771300269, 105.314519124292;
98.6514025872656, 105.526720693204;
98.6508212809064, 105.60888104096;
98.765963365986, 105.713910250963;
98.7442202646891, 105.658013980615;
98.7552480763341, 105.724485452799;
98.7898276099708, 105.778485521781;
98.7429584505311, 105.721937822555;
98.7491448886419, 105.706714134315;
98.7130160442186, 105.634399276837;
98.6596749384513, 105.56522143338;
98.6894283569718, 105.617494242714;
98.6360401926479, 105.583586460318;
98.5619428896916, 105.606789267382;
98.6107058789587, 105.609838994299;
98.0960651390345, 104.978523657887;
97.3500546146153, 104.878649962029;
97.1353971644241, 104.89452144951;
96.8039337533268, 104.692862092447;
96.7292703572974, 104.688517675185;
96.5482255976666, 104.045781878448;
96.3644086336562, 103.720278549063;
96.1910372837576, 103.504776587459;
96.0909103816435, 103.438073066856;
96.2656287833396, 103.734342449129;
96.0355107414856, 103.925632405652;
95.885964670487, 103.830861589336;
95.8722745245895, 103.815030613931;
95.7988353385424, 103.747053897351;
95.7737940486589, 103.679198937185;
95.5236935128873, 103.29775329892;
95.3374888584627, 103.296606537639;
95.2167391532104, 103.315928777686;
95.0928411629967, 103.223419667477;
94.982151935451, 103.161316832727;
94.7477605042468, 103.129500508825;
94.7547404502068, 103.085390842459;
94.7760753557295, 103.067287393822;
94.7230555795964, 103.099710335695;
94.7122645917343, 103.067422657394;
94.6531798240373, 103.262476290193;
94.6667089003242, 103.348374723349;
94.658874666645, 103.350368653641;
94.4097292214301, 103.473606447433;
94.5486906259788, 103.642311060282;
94.8929683060618, 104.005224143428;
94.6766497210006, 103.977487875172;
94.5219403029501, 104.003634934805;
94.3517838073444, 103.993012966925;
93.775686597187, 103.70897123587;
93.4481637580378, 103.390622270098;
93.5273742092713, 103.22789667702;
93.7611357657415, 103.344783174557;
93.7360302887145, 103.229704489739;
93.48519780289, 103.189597888292;
93.3292369879973, 103.025339534155;
93.0090919885257, 102.754279255092;
92.9157282774677, 102.810763776376;
92.8479205746304, 102.645321022077;
92.8522572794564, 102.648831943953;
92.9177892703571, 102.744223980375;
92.998931773103, 102.903132110373;
92.8976308026213, 102.849787704482;
93.0266039345976, 103.148348621888;
93.0086420116369, 103.356403875663;
92.7739031802939, 103.116886963199;
92.6848417538952, 103.223594290187;
92.671129216535, 103.288653631187;
92.6433694754504, 103.192635293301;
92.7927751116688, 103.194553155864;
92.8404560715213, 103.303164409778;
92.830456312549, 103.242347559063;
92.9241631158497, 103.192111285521;
92.9736833655605, 103.20785418214;
101.319001354181, 104.079351224022;
101.006215503044, 104.154148136923;
100.478924254015, 103.768945293894;
100.129039410698, 103.466709218017;
99.8703626622063, 103.10241033858;
99.8873989258777, 103.029438889445;
99.8028756511677, 102.690999388431;
99.7034846180706, 102.421087591186;
99.6927462288156, 102.575145038847;
99.5224554518683, 102.371525380178;
99.4137382616547, 102.403031207567;
99.2168537666241, 102.338638295053;
98.9537923085813, 102.144042016335;
99.0485824307787, 102.376709099698;
99.0395864274588, 102.359934008239;
99.0756921462656, 102.322967743525;
99.2594842533518, 102.40036521996;
99.4059850465093, 102.150156979352;
99.4945892314723, 101.711435228027;
99.6573706549795, 101.550530996535;
99.6953976513353, 101.253768936766;
99.7793179670481, 100.897277652014;
99.7976558572736, 100.812146450796;
99.716984904012, 100.850136816824;
99.5244845431504, 100.900745974731;
99.3367196241614, 101.009929484271;
99.2969361932181, 101.018626267986;
99.2662213018338, 100.96221533157;
99.2025600208856, 101.005167974663;
99.1421934838037, 101.035305508843;
99.2127357632964, 101.139840945258;
99.1711285528598, 101.258769192082;
99.1574368318901, 101.328408746886;
99.0485477636355, 101.422461634952;
99.0327109439135, 101.508446614737;
98.9252100545856, 101.465484600894;
98.9117009134942, 101.474793580209;
98.9078769506553, 101.554834473454;
98.8802158958472, 101.557885777643;
98.9056646561485, 101.584994816643;
98.8474207572798, 101.661050654548;
98.881605652372, 101.666704202659;
98.9132433477505, 101.758824484422;
98.9150109185401, 101.749786564448;
98.8219863151105, 101.722018339837;
98.8173104550053, 101.847372653791;
98.7736434986004, 101.967861704415;
98.8030552488953, 102.05990984073;
98.7063479821044, 102.153644130544;
98.7496584359999, 102.181819692618;
98.806491936413, 102.248758672453;
98.762548569232, 102.269856248629;
98.7964016185966, 102.360596132398;
98.6755190581956, 102.372115635331;
98.7308570582082, 102.337243601085;
98.7852774573878, 102.265531074864;
98.8302989130744, 102.14388630799;
98.9239626056325, 102.155003408608;
99.2050812808698, 102.202344913076;
99.2110331190813, 102.19457703381;
99.2469157547506, 102.404880654262;
99.1916454590299, 102.379119149155;
99.0193145570618, 102.361459858629;
98.9843623958817, 102.323009552177;
99.0209288116537, 102.365274488209;
98.9642000315129, 102.339531505234;
99.0073745192785, 102.352050043864;
98.9482703004961, 102.385821414302;
98.9739525998474, 102.490934264783;
99.1314492220253, 102.56603802628;
99.1368861212205, 102.584239610432;
99.147953961431, 102.53362861214;
99.1931574182671, 102.541446223508;
99.1923232756513, 102.6802222705;
99.1586067295886, 102.59243358001;
99.1519245986325, 102.580225530963;
99.1745181253497, 102.524358856293;
99.1953802922749, 102.592483117717;
99.2033188251572, 102.649673418855;
99.2479920437625, 102.614207771215;
99.2965432643337, 102.690689488908;
99.2017375596708, 102.68827235643;
99.1889089514856, 102.774756275998;
99.1336859140963, 102.86752952302;
99.0999790155799, 102.913779998605;
99.1047746368561, 102.903816233179;
99.1156133697448, 102.914047205511;
99.1322440626818, 102.826193621249;
99.3049976397753, 102.9520279175;
99.2859362234576, 102.90362783832;
99.166558201208, 102.831570718738;
99.1134803924024, 102.85738677945;
99.074016281401, 102.878427863558;
99.0756685833184, 102.843308550174;
99.0394616340143, 102.875912752873;
99.0566662376168, 103.050685643817;
99.12288448541, 103.062605956596;
98.9179561034668, 102.994774038326;
99.0917226436246, 102.880637464809;
99.3357697120475, 102.933441931127;
99.4083036775172, 102.758074962577;
99.5480082589983, 102.663195911967;
99.3869222121041, 102.518353863939;
99.1038377287252, 102.411192800528;
98.4028893213476, 102.086660214233;
97.964474742151, 102.317859965764;
97.8320013512316, 102.933819943276;
97.4653658379087, 102.819664336695;
97.2509834471872, 102.766960692829;
97.0550292082878, 102.676578031662;
96.9781751892864, 102.729278719037;
96.82955977431, 102.712949913689;
96.7287666465781, 102.565591681128;
96.6850388882283, 102.536826937418;
96.6703196017456, 102.451931102308;
96.6476864948201, 102.439190973272;
96.6691247216303, 102.347839931489;
96.6831379649781, 102.214307263735;
96.728496908596, 102.171080208386;
96.6855719327477, 102.132357575896;
96.6216599926473, 102.082256390443;
96.6070356811079, 102.043748635623;
96.6607667515679, 101.895267676921;
96.689092510286, 101.835239553665;
96.7638905673753, 101.701368589823;
96.8279556004903, 101.475603426143;
96.8911542794414, 101.342337174216;
96.911941641281, 101.328505582755;
96.887878631607, 101.389718644181;
96.8381993373615, 101.499540437447;
96.7098450170081, 101.575065796183;
96.5198845838014, 101.477494291826;
96.4829457543546, 101.591109557882;
96.419286236846, 101.592382037387;
96.2873470529896, 101.642074332447;
96.1977586438792, 101.6805879658;
96.0293356602538, 101.72521430892;
96.0549873690879, 101.692081045219;
96.0152456856897, 101.655677013772;
95.920962469167, 101.580634735276;
95.8002507866822, 101.563863142986;
95.7006095468094, 101.499789305324;
95.5631941656029, 101.508615705657;
95.485454591463, 101.545718348747;
95.3873325235979, 101.541373998737;
95.3864727976666, 101.594877516198;
95.4161798863484, 101.64287974839;
95.4543454899632, 101.661948851597;
95.4881352087473, 101.670207979223;
95.4876550716261, 101.661116855177;
95.530166323666, 101.7292367337;
95.5203471386398, 101.541538471238;
95.5850856581056, 101.641633713627;
95.6094083740386, 101.593100101306;
95.4793551255636, 101.754859138688;
95.521710886597, 101.945282808913;
95.5864119703214, 102.019731510222;
95.5768502190263, 102.174716051766;
95.5736783986216, 102.00879005627;
95.5856360478763, 101.913024643419;
95.6477574312609, 101.957350897254;
95.65135475083, 101.962666267162;
95.601638898608, 102.103146286428;
95.5641764705107, 102.25432279607;
95.521734122266, 102.199694601731;
95.5124143028687, 102.154566976435;
95.4344089780908, 102.090441684189;
95.3395779095776, 102.002228686634;
95.3138713313463, 101.91117399433;
95.3030509085308, 101.928027939846;
95.3663657161555, 101.977190073421;
95.3758126666005, 102.004196615582;
95.3859832818649, 102.004734831694;
95.3856461145111, 101.984505068068;
95.3445009672144, 102.036641694208;
95.3611210222813, 102.129215651352;
95.3131191993929, 102.099495973392;
95.3156131720793, 102.029789772016;
95.2902618624129, 101.989332470431;
95.2567771147624, 102.018422695744;
95.2641294687936, 102.089494084593;
95.1536814071978, 102.050991122862;
95.0443256644378, 101.988543646299;
94.8382611071976, 101.900024458543;
94.7719868374429, 101.830029233032;
94.7229150129738, 101.81597398508;
94.7113841602995, 101.841673389281;
94.9695251538384, 102.07274931888;
95.0573288169606, 102.128480217684;
94.9445216999201, 102.143002902428;
94.5801800879398, 102.189746319927;
94.086097206423, 101.885132554311;
93.6957470230607, 101.721566207568;
93.4659483496555, 101.705479551662;
93.3442024476539, 101.757558182936;
93.1591155160051, 101.587632287425;
93.0531726027261, 101.46372667712;
93.264524491238, 101.549733644099;
93.4443313611451, 101.273169594587;
93.5588048293213, 101.200559761125;
102.9372444567, 91.291885749788;
104.26156855001, 98.2673078874181;
107.781069569085, 113.792886935407;
108.315317328204, 115.324428420744;
106.379105985048, 111.600200831828;
105.067325614949, 100.100186830028;
104.760291304892, 104.36769020348;
104.504537165584, 105.101965158528;
104.380027800166, 104.749743331915;
104.417846141642, 104.554986191963;
104.39909892242, 98.8674467462139;
104.2612145622, 103.279584137037;
104.138455807546, 103.106647336378;
103.890304557111, 102.846671638817;
103.901859634395, 102.737826187988;
103.667281404432, 102.430001087376;
103.583378126745, 102.047277884133;
103.508532619921, 96.8282785758694;
103.514469899817, 100.956808998387;
103.479466534403, 101.261497117565;
103.382391892198, 101.081162118025;
103.216708047997, 100.791708077254;
103.185019593266, 100.494812175853;
103.161980080584, 100.409202884819;
103.206007863906, 100.468152557492;
103.19244582047, 100.554008169773;
103.036969030114, 100.477623741001;
102.952732535594, 100.571611377471;
102.935616809933, 100.731055522622;
102.895644161461, 100.701949157888;
102.921342736407, 100.645602059436;
103.061626122435, 100.0336356882;
103.205740350931, 99.7862096294509;
103.262967181671, 100.714701364974;
103.156482939636, 100.639196542505;
103.030977608194, 100.562891806277;
102.939979532547, 100.638953295136;
102.933332105196, 100.641982547509;
103.081969182258, 100.499374919787;
103.199803340715, 99.9079610968754;
103.277231376428, 95.9021921922644;
103.250905135471, 95.7298710505211;
103.325506928496, 100.125263025574;
103.266873295928, 100.759110088839;
103.183912668712, 100.661114701625;
103.105406448311, 95.9929702533128;
102.926588006443, 100.57620371786;
102.531305348573, 100.376256711115;
102.324615227454, 100.37666873937;
102.0527546006, 100.823965596696;
101.910382684912, 100.906964798656;
101.8038919161, 100.649990388227;
101.770853248545, 100.594143205317;
101.822875379412, 100.530833570372;
101.80398925072, 100.489333581853;
102.007833626343, 99.8478160508053;
101.992263726775, 99.9484837612278;
101.955388163441, 100.451525807601;
101.788619211683, 100.358006571922;
101.616252762039, 100.47741988479;
102.011045605557, 96.3088041932608;
102.00331215849, 96.2303338429271;
102.1336230016, 100.852879472475;
102.201626760181, 96.1173648165658;
102.324560503721, 96.1785840961979;
102.249761716344, 96.1124743857083;
102.297279146361, 96.3809274437592;
102.1964896547, 101.020154309961;
102.19877795107, 101.233504729303;
102.00292319793, 101.051547634202;
101.847233396991, 100.935515747814;
101.861619798551, 100.382595851541;
101.864747387319, 99.989254886657;
101.964108015121, 95.7987825609353;
101.718469009884, 99.3414839919221;
101.606227907165, 99.281733601346;
101.605087167287, 99.6314953658536;
101.518540255132, 95.8199701938893;
101.515012946515, 94.991851849525;
101.553741540017, 99.2390707588985;
101.580729730042, 99.335391179152;
101.626391512857, 95.093679099536;
101.428385296349, 99.3835059975813;
101.29781908247, 99.7358232429754;
101.287856410701, 99.7355128921936;
101.209446259732, 99.6613594386851;
101.254265313614, 99.689624382927;
101.255195195508, 99.8198859147204;
101.216530608466, 99.9094067824574;
101.277761756084, 99.9043908403125;
101.265852442785, 100.063512288337;
101.147948050974, 99.9015262729554;
101.276128259337, 100.128424578926;
101.346408122724, 95.6321703314722;
101.281891722358, 96.0587181300702;
101.112186069842, 100.60496959143;
101.009146891475, 100.458485253104;
100.753686209456, 100.219662612822;
100.594137684604, 100.470263288646;
100.39443829219, 95.7153182315125;
100.337482388498, 100.425359849354;
100.693508198022, 100.481921317948;
100.907818481746, 95.3907119175515;
101.055391210592, 95.4995216619007;
101.098238761096, 95.8284588336787;
101.104592745559, 100.312026594593;
101.001372667915, 100.242730271412;
100.924544796857, 100.210764600436;
100.791973025655, 100.113812812364;
100.717012916443, 100.212771105863;
100.681412580301, 100.14064757782;
100.372013298697, 100.112080525292;
100.247604127161, 100.208005833738;
100.335338974901, 100.223548979048;
100.258988187528, 100.221808972725;
100.202616775354, 100.267852729787;
100.153547992551, 100.397922658632;
100.22419299209, 100.548357828354;
100.293063663395, 100.707146355834;
100.439592854971, 100.100677264679;
100.388372089548, 100.135203144969;
100.272368087114, 100.376870909808;
100.21139395813, 100.373208231306;
100.198328439111, 100.287992189076;
100.271480925348, 99.6944131394633;
100.386696685669, 99.926091913232;
100.509070411317, 100.152623603007;
100.613259015573, 100.191045267962;
100.493568100521, 100.138124819257;
100.43227537591, 100.174576960832;
100.326276293822, 100.010517208045;
100.214513645133, 99.9349938262888;
100.023597812905, 99.814077884353;
99.9517264690303, 99.7668494233058;
100.009692403752, 99.8603108346764;
99.9905407090587, 99.9574386244521;
99.9931348091569, 100.270658847943;
99.9347967959233, 100.476815958313;
99.9476390364364, 100.418475609928;
99.919828402141, 100.574136070188;
99.9235258772131, 100.461117142047;
99.9068671578383, 100.42512651087;
99.9507523812938, 100.312599249237;
99.9893633734472, 100.24936377246;
100.026187349867, 100.122574339362;
100.254859281533, 100.440709525248;
100.143813675511, 100.822491334064;
99.9281386014601, 99.6539452742124;
100.055000038229, 100.235939302758;
100.0565662984, 99.8695905375881;
99.620865737768, 100.127209874952;
99.4580021831001, 100.353959858357;
99.3110528452116, 100.204324663211;
98.260236484585, 100.160869326694;
97.4831179817173, 100.201303867227;
97.3745044282656, 100.049402542303;
97.3971298837659, 100.004686469996;
97.3503797514327, 100.214156700455;
96.1920758436429, 99.5177459088957;
95.9132998878793, 99.4663020220444;
96.6050055486896, 99.7920872226815;
96.7210356128231, 99.922009479165;
96.7778130326679, 99.8981006515431;
96.8294502661645, 99.4720572809195;
97.06844706503, 99.0842204188214;
97.0829271001704, 98.9745451324918;
97.2613326284058, 98.9998776102302;
97.540779411319, 99.4802958210874;
97.927533273491, 99.863179475333;
97.9922799614431, 99.8388260001745;
98.0692483581428, 100.133190224527;
98.0225784045914, 100.19501572371;
97.9172420669993, 100.328884331391;
97.8885200801493, 100.433171940782;
97.9033135215721, 100.633658980874;
98.2829123258069, 100.355698832258;
98.4976221919623, 99.1222140930494;
98.769859733591, 98.9793555866629;
98.8737940308358, 99.0458262073445;
98.7399217541004, 99.1553720411429;
98.6019198411812, 99.1213412659546;
98.531467319174, 99.3129722111158;
98.4541788539084, 99.2887764903328;
98.4678573087798, 99.4038964478622;
98.6834327001562, 99.2541995588418;
99.1058125591186, 99.0684862104473;
99.1321789697969, 98.6617580743576;
98.9463357567284, 98.6999756087325;
98.6447050222778, 99.642500372295;
98.027583640075, 99.4392547269837;
94.9430314783421, 99.2870677843322;
94.8363573397111, 99.7095466575517;
95.6460854473676, 100.277966233152;
94.4845573489334, 99.0684316303133;
92.2248193792401, 96.6781974600837;
91.7170182912233, 97.5622085060336;
91.2970869953963, 97.7654811224509;
90.9039004327094, 97.6132489213834;
90.8332467161333, 97.5881027776973;
90.8483852697834, 97.5664123507826;
159.867049186087, 159.76431633189;
160.002566054601, 159.736489493438;
160.011296560562, 159.790386340951;
159.868627885216, 161.670652030971;
159.943792534373, 161.815431042176;
150.625385255326, 146.356477982524;
159.78104352764, 161.753306586385;
159.907756471459, 161.636037388852;
159.766407171618, 161.572277861398;
159.651823323157, 161.510004921178;
159.61203134252, 161.34299739065;
159.755371541253, 161.407211681086;
150.526034549005, 145.539693607219;
159.904940573537, 160.906704687523;
150.920048102894, 145.123163773799;
160.107641791973, 160.9557156066;
159.929905687179, 160.977695890982;
159.85986897438, 161.082087629389;
159.824195052929, 161.024728741679;
150.739426278363, 145.340357270569;
150.5810748588, 144.662736218087;
151.125872536499, 144.988947289645;
149.941348302218, 146.356407067947;
158.302677075864, 159.596596661471;
149.342755066507, 146.214284003641;
149.702514666948, 143.986347706309;
149.744093917929, 142.977260789938;
149.863048105416, 142.62519561108;
149.923773524502, 143.132527542196;
149.879854982523, 142.633552278241;
149.993805791946, 143.029688196765;
150.025427181522, 143.330594044273;
150.017037108016, 143.792457579965;
149.907268311027, 143.834009678972;
148.949329585176, 144.0217328997;
148.636736762063, 143.701154064921;
148.872690009868, 143.564598521576;
148.824179683244, 143.444731913872;
148.817407157299, 143.316293218659;
149.032102586341, 143.664671540085;
149.117225590549, 143.457694090689;
149.214777423154, 143.46529772713;
149.139485785709, 143.444877977876;
148.877358389072, 143.850138203781;
149.427555357152, 144.05546497084;
149.337815057022, 144.198004180342;
148.918167825793, 144.854385753695;
148.924267703418, 146.027287885576;
148.93702909771, 146.533787233734;
148.910362647531, 146.625665611876;
148.981851175061, 146.197088717954;
148.997851253549, 145.69675610491;
149.193099448851, 145.038019866881;
148.43202276189, 143.810988739739;
148.226218064547, 143.371438863761;
147.954354141125, 142.824005147619;
147.979221118759, 141.993400756985;
148.352790341133, 142.00067609642;
148.645150327581, 141.811440372263;
148.906825291074, 141.710369067307;
149.114210283346, 141.806858965306;
149.174009740668, 141.593377349695;
149.227021896829, 141.644104073261;
149.182645430036, 141.643146054168;
149.086992854563, 141.575051873707;
148.965782476652, 141.510043204683;
148.743912114409, 141.478911849668;
149.508498810968, 140.655913555387;
148.604974246547, 139.50330004889;
148.318416417613, 138.49783451212;
148.448593040374, 136.654743248655;
148.915157198793, 137.829283545402;
147.664349592578, 146.200506159294;
154.497517912992, 161.737979659854;
153.916378961709, 162.300504728348;
146.673369033834, 146.794608026929;
148.704354111857, 141.155754284006;
151.051326031339, 140.371951899076;
151.917562731389, 139.886679536159;
152.380611049355, 139.840232879815;
152.698995918744, 141.189630552945;
151.628472167314, 143.006129089756;
148.975131245092, 143.734645090201;
146.8456555533, 144.491850815576;
146.624582631358, 146.712299871463;
146.537073330369, 147.070078832499;
146.623048409129, 146.621324255294;
146.772084119779, 145.556779635197;
147.391267562954, 144.568700352328;
148.721081166739, 142.895713213217;
148.867266930994, 142.932618667999;
150.042203452847, 144.299174767748;
151.203033166169, 146.666867195891;
151.191484247365, 147.205873672727;
150.628674997112, 146.201780843754;
149.613911524236, 146.000107636797;
149.768676269309, 145.933778339901;
149.617596008472, 146.012790976707;
149.651694985058, 145.990151567495;
149.492010095227, 145.769052819079;
149.426681172491, 145.191479023291;
147.964610141598, 144.04479786472;
148.460757152597, 143.243790130111;
148.588065159886, 143.567657249701;
148.800586308915, 143.760972907883;
149.142216644754, 143.661376224785;
149.389430577735, 143.335194824211;
149.603606322945, 143.062478549258;
149.661027209534, 143.342564343999;
149.60592153581, 143.476675895177;
149.527580779513, 143.863388461952;
149.233595599308, 143.404926535504;
148.904129412724, 144.438058878162;
148.141790798289, 143.526800684928;
148.859883368851, 143.55307405957;
148.237770632208, 143.500696978211;
148.75789815162, 141.739215902342;
149.491271587369, 142.38343814383;
149.8427820573, 141.564278543695;
149.985303147831, 141.650148545384;
149.729408456361, 141.869602191052;
149.662006523881, 142.870894288949;
149.192555483808, 145.120716203443;
149.834558107036, 144.842165838055;
149.932096665441, 145.336198850775;
149.642924130054, 144.91660418779;
149.461572607709, 144.609378839044;
149.462136473356, 144.280236588079;
149.417600244876, 142.871993443529;
149.343121846526, 140.869945810061;
149.243238358829, 140.216280428715;
149.561624764153, 140.327674253525;
149.728404768648, 140.233327891476;
149.78730800022, 138.720624852884;
149.860365035826, 139.502925705893;
149.906433334356, 139.673423725264;
149.662802330229, 139.895301536553;
148.952247037902, 141.933250701665;
148.241042807088, 142.787782704168;
147.896791916001, 142.562628522563;
147.750147545179, 142.743162527007;
147.726874469478, 142.51157412163;
147.673482747637, 142.464074855205;
147.631163186202, 142.014405916461;
147.689798675132, 139.380498962808;
147.936826821772, 139.427384811781;
148.404988171279, 139.811585912241;
148.891927291853, 140.095238672746;
149.264033825495, 140.068730369108;
149.432601071057, 138.872443372129;
149.689052407489, 139.332087260949;
149.661697415066, 139.356957928283;
149.738582697433, 139.652451713989;
149.703486465254, 139.633632362117;
149.512356349158, 139.352017170251;
149.445344784839, 139.402260380301;
149.284247331923, 139.238448735203;
148.947327078726, 138.851199899458;
148.684345706233, 138.600514496103;
148.549961561869, 138.298739758987;
148.510949215851, 138.459030047669;
148.468031951533, 138.352066082597;
148.581963901461, 138.493898816607;
148.98132201179, 139.076808667046;
148.92950724631, 139.388000067509;
149.038541843928, 139.962160868497;
149.001399797095, 139.485437167268;
148.963890863531, 139.573344362276;
148.987624635537, 139.457541705892;
148.873088157027, 139.488820453507;
148.840924572218, 140.349652486948;
148.947327485366, 141.550802863769;
148.858743668046, 141.270501356233;
148.825961304115, 141.344588501507;
148.528461051516, 140.133880547902;
148.102864330996, 140.218840967155;
146.950485484628, 139.511943886299;
146.656838750469, 138.885328043917;
146.563808323289, 138.751134905315;
146.464368361044, 138.48022624233;
146.353042791427, 138.095462452076;
146.277168562557, 137.818800496673;
146.273841126032, 137.878516752479;
146.413474108154, 137.763374174226;
146.481828348452, 137.052615954705;
146.823997523832, 137.62740610233;
146.916231826159, 137.8009619923;
146.862460057514, 139.11592188024;
146.64854851743, 139.315748845292;
146.195075268849, 139.357174706563;
145.944047195738, 140.029345774877;
145.606705268199, 139.220415459085;
145.589846309393, 138.929162266354;
145.600826695482, 137.96282027598;
145.714125919001, 138.159065212951;
145.765146268003, 137.867110476347;
145.745051578464, 137.238129604833;
145.82628819171, 137.884240348933;
145.909112238977, 138.324026106077;
145.976462689962, 137.87114639651;
147.501493046119, 141.07497398583;
147.235435222352, 140.630723661899;
146.75565251269, 141.008445863454;
146.541274073958, 141.231892495976;
146.435202605814, 139.928660696719;
146.585945283387, 140.710357729445;
147.159153587929, 140.573594769751;
147.396217491752, 140.563715571544;
147.830276039922, 141.030550664209;
148.21510422428, 141.914971887999;
148.212490214177, 141.841849715076;
148.114657012712, 141.584084850967;
147.878276274562, 141.23433383472;
147.324393785709, 142.244680239049;
147.03505601661, 142.723766587825;
146.795928623029, 141.077595385492;
146.835418232857, 140.366089072286;
146.915793524831, 140.545750848452;
146.825048391705, 141.77833498921;
146.608966339803, 141.605610127174;
146.606650170248, 141.104608190824;
146.735614870355, 139.614149394032;
146.988030387382, 139.385324938291;
147.216431444838, 139.69681541168;
147.270085341108, 139.674982060201;
147.315076521372, 139.959903768585;
148.196850305736, 140.746434442141;
147.852677972725, 140.410835705722;
147.738187768745, 140.363914115723;
146.824801797996, 139.778065738458;
146.94030476881, 139.211409359789;
147.217504315117, 139.136896439802;
147.083907133089, 138.605922269275;
147.238530358339, 138.595242480958;
147.461406399926, 138.667975826922;
147.593724945447, 138.72819730078;
147.8753725055, 139.228821026766;
147.879166407424, 139.320608534289;
147.587852330834, 139.565224157319;
147.035480647177, 142.393186658857;
147.360622937055, 140.875783596305;
146.746624138698, 139.753306252349;
146.830193601454, 140.092958258251;
146.738139321027, 140.35368598508;
146.727697681536, 140.090784273556;
146.731540130448, 139.800209530504;
146.744825949776, 139.839101254808;
146.798236276527, 139.811479947567;
146.837524219253, 139.806892274219;
146.780927530152, 139.403897803266;
146.728537339969, 139.112932125354;
145.554576603793, 137.793373099653;
145.528237186148, 136.413730275308;
145.705903270428, 136.077306843791;
146.107281905403, 135.018134265735;
146.394339452105, 135.670409587821;
146.442024488331, 135.401843474335;
146.549006537862, 135.332402032599;
146.66220530818, 135.593833220976;
146.732728843654, 136.205514640468;
146.810328341909, 136.707576270078;
146.814706709959, 137.981196132343;
146.65272910218, 134.631487079719;
146.657081785238, 137.384050247354;
146.641965571162, 137.445807264293;
146.582598226462, 137.292862044306;
146.450163174097, 137.16455665725;
146.183866440365, 136.953507912022;
145.428657305977, 135.425739914783;
145.444449322873, 135.825082723124;
145.444888817673, 136.303704453428;
145.467879338943, 136.412167398815;
145.453592568444, 136.466579003744;
145.619491474375, 136.703137662635;
145.455329489741, 136.537474759881;
145.472619551726, 136.430531159427;
144.835726919837, 135.341101792421;
144.78310079332, 134.91993259253;
144.905440776702, 135.270469765031;
145.065061836234, 135.288884444648;
145.233594906165, 135.818901429378;
145.447433694218, 136.230385161502;
145.655040426685, 136.325199758527;
145.679197676833, 136.431049176488;
145.75661635284, 136.570487278492;
145.797833432805, 137.021930429121;
145.74541835066, 136.899024546881;
145.770626314606, 136.708917919849;
145.722670410916, 136.57863569905;
145.501822326079, 136.601757361638;
145.500610164408, 136.664696574458;
145.06759322765, 135.976544834694;
144.830443346887, 135.871740776265;
144.648906367295, 136.226727568173;
144.606323072154, 136.20245220652;
144.64768638795, 136.383557810027;
144.725947036973, 136.539559480881;
144.778583128685, 136.643235116022;
144.730757173752, 136.651034751526;
144.716801919123, 136.540574809114;
144.515481318931, 136.005240646015;
144.095503361819, 135.192291174536;
145.063256141926, 136.062587900815;
145.169186951588, 136.108449504356;
145.065233056618, 135.922014273696;
145.141074629776, 136.025966496908;
145.077983675749, 136.429132224334;
145.208311817834, 136.440760410761;
144.904232691329, 136.264074662998;
144.404265277603, 136.208752108619;
144.322058536235, 136.131080956484;
144.408785863363, 136.278118443059;
144.325049559768, 136.376539054684;
144.530253056705, 136.402011187058;
144.590995926192, 136.426206032783;
144.71331606364, 136.352665445162;
144.809420139469, 136.403270275314;
144.823996077406, 136.187067518178;
144.238353215199, 135.99176052392;
144.133780516777, 134.978756852069;
144.445852574517, 135.177663861452;
144.88250286486, 135.919204388022;
145.117807204865, 136.217320175988;
145.252316118064, 136.334238784982;
145.374473530348, 136.005596797024;
145.277304230463, 137.042437671755;
145.242520282338, 136.913420697427;
145.22434671594, 136.714788029557;
145.391753248885, 136.530395132049;
145.154017380115, 136.2474136436;
145.05170729793, 136.176519006294;
145.113098571449, 136.056251403097;
145.096638026249, 136.085728819766;
145.086871465034, 136.132337949519;
144.99499677892, 136.112418965239;
145.027762439914, 136.159033781413;
145.204038141918, 136.270859899179;
145.179468804337, 136.290237150541;
145.165656221334, 136.374698689848;
145.085066118903, 136.29854795039;
145.272780719148, 136.40884390196;
145.226296545942, 136.273127019185;
145.106615558405, 136.113319788846;
144.669896194778, 135.257179168173;
144.476711265433, 135.122403534431;
144.281894992583, 134.87852840501;
144.328185713113, 134.996624350491;
144.382766676187, 135.145421018784;
144.652978154794, 135.896124297471;
144.902694122964, 135.654158504946;
144.835026107791, 135.718206532785;
144.795512424386, 135.748240689388;
144.886903255183, 135.918351034806;
144.959773671631, 135.923146214079;
145.01118368368, 135.92742469853;
144.832715152616, 135.866944712772;
144.683428779661, 135.756052556721;
144.400467041549, 135.229758122273;
143.998730704577, 135.127964411891;
143.968759683209, 135.099293685196;
143.950910744548, 135.317420511737;
143.94854919572, 135.406738237532;
143.360942255261, 134.622519147903;
143.644878679169, 134.559081499799;
143.815716454591, 134.710752499171;
143.835294305463, 134.779899724843;
144.020658666978, 135.063208682129;
144.261650894886, 135.165890361655;
144.33298158071, 135.144635845665;
144.335109846204, 135.206060488856;
144.227291149402, 135.293576082159;
143.556554197534, 134.635571606063;
143.535257978376, 134.62386886167;
143.481179365951, 134.368890825419;
143.497700401504, 134.500402551838;
143.319562422077, 134.198406164984;
143.31910379068, 134.19102243787;
143.126439350447, 134.035403440485;
142.809754753198, 134.43679321892;
142.969546949003, 134.933334154709;
143.087454476815, 135.158128128967;
143.216492094611, 135.293629503917;
143.028050119447, 135.168704921218;
143.074522408395, 135.104513073491;
143.129278691396, 135.037579502346;
143.076719289021, 134.982225493066;
143.133937088931, 135.00752956198;
143.13887606494, 134.948572858128;
143.140144268512, 135.008018730706;
143.120002424375, 134.950164709883;
143.065078027117, 134.944235073627;
142.96656005113, 134.86408171485;
142.906330932956, 134.893621160295;
142.914978197337, 134.877169175163;
142.838433603697, 134.641450659706;
142.533760743015, 134.48315415529;
142.293226608901, 134.394583416938;
142.195200081613, 133.863844277968;
142.537257904631, 133.629861434658;
142.906067347324, 134.084746085653;
145.916047617478, 139.725719884324;
145.933657670556, 139.699568264029;
146.005904944613, 139.710866080202;
146.050045789538, 139.83888138714;
146.14196793661, 139.93447435818;
146.151332435467, 139.948997420992;
146.915823933674, 140.811880357588;
146.410169453928, 139.819498231793;
146.259279332752, 139.618851603172;
146.110675558596, 139.64637969987;
146.112828162986, 139.67047710867;
146.208191311301, 139.821318967207;
146.252266114498, 139.780855012122;
146.280334319878, 139.778342783571;
146.334331042573, 139.88275895145;
146.345917042502, 139.818705786434;
146.289673652289, 139.909541530177;
146.308240527813, 139.836668171907;
146.48645244528, 139.692372356715;
145.562538098832, 139.006847686266;
145.707442704539, 139.047925014568;
145.587634709513, 139.000062678283;
145.907802742796, 139.127344567902;
146.247721337887, 139.593194422048;
146.473043151981, 139.987987263559;
146.334055237976, 140.16624154585;
146.174090359888, 140.192274676202;
145.841105325643, 139.703918660751;
145.868793048282, 139.796747353739;
145.969344593618, 139.809811002369;
145.366341521019, 139.209970111002;
145.985665882799, 139.764733636047;
146.020719786293, 139.493634421477;
145.562434311164, 139.000447503668;
145.733497111107, 139.010474210016;
145.561625363301, 138.738822857509;
146.081220987349, 139.049367672681;
146.145450915788, 139.216123839655;
145.907085864433, 139.672523563237;
145.595427188318, 139.354053270326;
145.572598185112, 139.457114887069;
145.555953680836, 139.482176553901;
145.527343105766, 139.473484205078;
145.435563307812, 139.278319741472;
145.459737263386, 139.224614543918;
145.691157426881, 139.287988686879;
145.847359839173, 139.284107994797;
145.132966585909, 138.61307968771;
145.511364478429, 138.564977704191;
145.712826783919, 138.027518632672;
144.888658291429, 137.620696127522;
144.939247136506, 137.801907357;
145.502859955488, 138.077265538018;
145.505366983189, 138.263635851668;
145.810383064845, 138.865009214267;
145.613655794922, 138.885093809702;
145.468450405468, 138.829654687522;
145.195242215277, 138.65423737494;
145.133442847436, 138.566375222274;
145.151181642758, 138.644565962434;
145.116798234288, 138.608177638297;
145.127089016175, 138.646298877986;
144.873053511031, 138.368553493525;
145.043526372327, 138.524160123268;
145.195912330082, 138.526640205412;
145.332164844174, 138.540795911676;
145.454473208533, 138.456064492164;
145.515745792659, 138.379041808721;
145.462626023055, 138.038051002573;
145.445714928249, 137.882893324061;
145.516032208315, 138.179737445393;
145.297546354645, 138.343614450073;
144.898073094762, 138.144131371057;
144.916314082733, 137.815558875613;
144.942842846418, 137.702512582835;
145.020811420981, 137.576118182024;
144.964499309275, 137.636790067536;
144.978552468085, 137.772608214706;
145.002355838772, 137.66605411376;
144.910000897639, 137.606477174139;
144.836618474035, 137.680907139692;
144.811354174301, 137.921804764086;
145.142979647838, 138.100506629138;
145.554785745148, 138.340122638983;
145.457354967923, 138.333729032018;
145.18260541019, 138.142517779902;
144.867091671617, 138.09372431959;
144.688717279957, 137.668552360735;
144.637634519506, 137.581254644717;
144.547308570729, 137.386949173897;
144.855433610791, 137.768885843614;
145.09183940019, 137.697115398223;
144.993177373175, 137.818811453778;
144.981941311869, 137.835097984664;
144.9641058155, 137.81509149321;
145.061018808038, 137.795639237839;
144.544806515823, 137.427790093738;
144.370440713263, 137.467473979811;
144.423659550987, 137.429680095704;
144.32298107903, 137.027880462546;
144.344612552969, 137.084757442106;
144.614921003407, 136.952043487403;
144.89402913972, 137.242551402531;
144.836792659926, 137.619811598688;
145.07551450699, 137.853767884543;
145.053292332191, 137.843782451247;
144.936913029103, 137.650423607722;
144.854037941913, 137.765574182297;
144.681847594081, 137.654329944708;
144.624816820409, 137.653899071825;
144.600645751125, 137.660860175795;
144.585019529155, 137.622972683312;
144.716523189066, 137.685651050215;
144.858613406765, 137.645477918545;
144.920631060708, 137.596130190084;
144.284448789186, 137.050549257322;
144.04987694102, 136.797015835403;
143.933979733675, 136.804489671353;
143.870082387138, 136.664325726201;
144.099011771516, 136.794461036077;
143.954173579483, 136.805673574505;
144.624659796108, 137.223439610605;
144.509536487735, 137.189379206417;
144.44257295893, 137.148110714955;
144.053544542818, 137.047447480053;
144.299789974663, 137.163838496039;
144.031431882841, 137.072219060466;
143.863563080732, 136.989569744479;
144.305869166095, 137.225793838545;
144.27026517331, 137.171688137393;
144.083391638841, 137.035314141536;
143.948585641407, 137.037451393788;
143.9768924348, 137.184260957722;
144.307027214128, 137.232016937408;
144.448638121727, 137.262617973983;
144.107598823017, 137.087711968651;
144.161389390193, 137.083683728924;
144.157618091506, 137.041705281143;
144.471567021043, 137.186647705736;
144.488745694906, 137.307314960639;
144.657441038801, 137.57885009517;
144.423219223892, 137.554652275627;
144.379514411152, 137.461528743337;
144.396158381925, 137.463751601867;
144.48969533102, 137.518550144564;
144.373282805182, 137.428292427571;
144.291559424368, 137.349041378803;
143.991064049009, 137.159597081038;
143.933652763822, 137.151776896255;
143.662946640826, 136.99354649114;
143.650275610648, 136.896665571365;
143.405777050646, 136.709537439453;
143.493001130585, 136.597564700524;
143.868434632131, 136.895464986825;
144.105841110689, 136.874566938898;
143.929167667958, 136.884659830538;
143.881832131929, 136.845851976552;
144.131996547812, 137.392307303808;
143.743380161291, 137.034812326237;
143.600015374696, 136.866581976169;
143.331611264878, 136.753298365387;
143.272047869847, 136.616760520351;
143.357653194344, 136.495593128447;
143.090782871073, 136.301669353236;
142.950111660585, 136.18928337081;
142.722837719205, 136.048194784463;
143.145309778688, 136.261927233578;
142.908036120282, 136.131233272227;
142.984361508133, 135.940481376409;
142.836967732565, 135.941899367851;
142.775007736602, 135.972252208465;
142.725848249777, 135.986723526003;
142.734317176733, 136.039196586367;
143.050119946286, 136.395920195989;
143.172523074963, 136.484113830701;
143.23461104704, 136.522349110284;
143.206369484623, 136.652125085965;
143.189442075822, 136.692793009261;
143.241055539529, 136.758703800552;
143.188575360135, 136.782492681554;
143.174945180359, 136.828663429222;
142.686074857069, 136.580199540947;
142.772402541593, 136.463266590969;
142.333813496446, 136.248996827852;
142.334645885093, 136.206214889554;
142.198506342151, 136.047260769285;
142.222436183569, 136.028844061586;
142.18150314548, 136.085505947751;
142.133722289374, 136.050045638387;
142.312387937665, 136.133160599901;
142.517586527181, 136.26786557252;
142.637773942888, 136.535002968598;
142.774223977931, 136.706754038471;
142.774419891705, 136.587114808837;
142.806781596134, 136.733514866089;
142.714214186675, 136.722188573403;
142.602387400538, 136.58018503499;
142.40829504145, 136.478105891302;
142.403109759964, 136.557501138963;
142.50502448116, 136.694606805161;
97.472222154337, 172.640272424252;
97.4884184553571, 172.815855106176;
97.5002133114381, 172.960388483087;
97.5210413251638, 173.049691803267;
97.5137872502992, 173.120189901713;
97.4287266500445, 172.906325707525;
97.3614433089906, 172.780306464065;
97.3824055962676, 172.742323368428;
97.3171796992164, 172.740511778955;
97.2628252645973, 172.867650906393;
97.1973305113222, 173.022741469347;
97.0754269835116, 173.01505301212;
96.7452742678327, 172.398194134167;
96.544173466259, 171.737689462713;
96.3329230811142, 170.995659291628;
96.3486818770832, 171.065939144185;
96.1858304954056, 170.973234791432;
96.0977937332019, 171.077696449701;
96.0095951264686, 171.613514393612;
95.856772703481, 172.097959735085;
95.7755569992403, 172.301183417702;
95.7648202190381, 172.398535849321;
95.7413933394678, 172.488940157962;
95.7066487993212, 172.541576731496;
95.6584592646911, 172.613036833595;
95.6490793633226, 172.532263912635;
95.6333368754981, 172.549859254387;
95.6262576646814, 172.557819917298;
95.6221907710398, 172.575655638291;
95.5543154053723, 172.713563238761;
95.552666114433, 172.819963276526;
95.4592853966417, 172.567441826828;
95.4289119136258, 172.121165059169;
95.4324174021822, 171.886350330683;
95.384041657812, 171.786647921273;
95.315720939429, 171.786439123905;
95.2706289697112, 171.995099128905;
95.3149976310136, 172.560609042107;
95.2561733259358, 172.872508508917;
95.1521329349481, 173.157814124162;
95.0966232099276, 173.359168930937;
95.0586711954808, 173.590100423401;
95.005375884911, 173.636532330276;
94.9913924522486, 173.697865214655;
95.0023935031588, 173.673956852687;
95.0156706203789, 173.074427872195;
95.1494362215047, 172.188146532214;
95.7243176714397, 173.922242810708;
95.9095652821176, 172.821472649955;
96.0047835221996, 172.569653965757;
96.0166795332229, 172.890600621313;
95.7356506813277, 173.546508253623;
95.5004360214633, 174.004153242446;
95.1804561382224, 173.89235844754;
94.9651186315419, 173.862072093193;
94.9211642426873, 173.88007937113;
94.9556410355292, 173.891841215361;
94.9621997437087, 173.878700337675;
95.0434423445562, 173.040642941526;
95.0747908759686, 173.011440638235;
95.008607410497, 173.141204375358;
94.9651038383078, 173.358505590475;
94.9186514284855, 173.596162470108;
94.8056006613814, 173.515259326888;
94.7733675097012, 173.578842572698;
94.7857346023962, 173.587424411732;
94.7707057215511, 173.282179797424;
94.8050125494782, 173.096501005128;
94.8692432914083, 172.783606547031;
95.223704995225, 171.492012355817;
95.7810745175408, 170.130249620509;
95.9390694283899, 167.812550453798;
96.244297572604, 166.353459720731;
96.4804676753568, 165.42139224052;
96.7474940867613, 165.11590103447;
96.960145564612, 165.138989070654;
97.0853545082661, 165.251335832192;
97.1413927702927, 165.271303771275;
97.2365826162382, 165.365902322511;
97.2660894804244, 165.240875627723;
97.3368068323857, 165.172008229415;
97.5481451649396, 165.139649046923;
97.7540679277379, 165.189419770812;
97.8587785382494, 165.305940368425;
98.383286412412, 165.531190383208;
98.5677414679147, 165.890530555198;
98.3069360736368, 167.309861069579;
97.1657597697763, 168.442760313544;
96.4052501278522, 169.89915063174;
95.7223191608151, 170.210389063407;
95.5142377346903, 170.493430511111;
95.3929695831017, 170.211438722579;
95.3658948193883, 170.388877126695;
95.4355567846214, 170.287315354808;
95.5351823174913, 168.672731351864;
94.9142144306316, 167.328753985757;
95.0926339247605, 168.554099293727;
95.2586415021009, 169.912639719275;
95.2077093178228, 173.391123376035;
94.7297917412402, 174.13671483819;
94.4898738091148, 174.150952786001;
94.4125440560814, 174.03186883901;
94.3859565387117, 173.72066730324;
94.274738318866, 173.938581666752;
94.1741745119366, 173.845461723903;
94.0948046356271, 173.808899217414;
93.9060403243761, 173.862917530221;
93.6384354766993, 175.159631960617;
93.5835501308265, 174.170264952905;
93.5847131837908, 173.799459289676;
93.6448806698464, 173.3509770834;
93.7455910155325, 172.715872412991;
94.176909430007, 172.454307604434;
94.4403453965588, 172.030503628229;
94.7035256615282, 170.770798911357;
94.9732130926857, 169.958932333119;
95.035242280424, 169.13030826593;
95.0610783970943, 168.34332562609;
95.059272637728, 168.090359085713;
95.0743910035524, 168.038796807547;
95.0291300057325, 167.968824572147;
95.0122080112797, 167.806035835626;
95.0267077591874, 167.644916362742;
95.0490018694712, 167.498230873314;
95.0818894224409, 167.326736011578;
95.107411827494, 166.971647892725;
95.1122591472903, 166.37878965477;
95.1140213939766, 165.985535008353;
95.1536270022885, 165.633560140234;
95.1440880056108, 165.169031423468;
95.1117228113485, 164.408209059503;
95.1417514482372, 163.645674768754;
95.1928458186173, 162.843570012963;
95.1103740253981, 161.435801933411;
95.2050371598507, 160.858337762679;
95.2405226997734, 161.621654507167;
95.1741787165009, 161.822561793783;
95.1152548820569, 163.197638716809;
94.8757602400735, 164.927958371665;
94.4970401926266, 166.559665797291;
94.1669817385322, 170.177677482831;
93.5583332735568, 172.638111538097;
92.6243525410711, 173.849338330805;
92.4821578749719, 174.029847706272;
92.2165620075019, 175.473529086647;
92.0381200706521, 173.431540222746;
91.980840044349, 172.070637485008;
92.1521965625676, 171.315937560315;
92.2027191635736, 169.939778752182;
92.2686521582732, 168.389360591384;
92.3943176376131, 166.957695896873;
92.4529168926773, 165.961333782375;
92.5176030873794, 165.392244150816;
92.5548508359009, 165.103532313326;
92.5807826103819, 164.857219462431;
92.6388035692895, 164.705205422289;
92.6084700249734, 164.388331713855;
92.5628541991966, 164.21971343503;
92.5666773616926, 164.032463269918;
92.5679122109613, 163.611306617738;
92.6040889674127, 163.315649612758;
92.6582172358907, 162.969191123287;
92.6763183397746, 162.445030875534;
92.6972478263475, 162.099128253104;
92.8054188781471, 161.731817762008;
92.875780665704, 161.55240083362;
92.9792002533409, 161.131188433471;
93.1322586974976, 160.778241546129;
93.2630793081157, 160.800788040757;
93.1928735900797, 160.856933096009;
93.1978575575676, 160.920459848264;
93.2428410566759, 161.000204814486;
93.2907125557488, 161.344056702298;
93.2372923823946, 161.756315474752;
93.1786960758932, 162.067512421721;
93.1218013394802, 162.165864746515;
93.0657388767661, 162.30308265224;
93.1063399605228, 162.399716779983;
93.0434677381672, 162.435053081328;
92.953826895094, 162.466005277865;
92.9188383808996, 162.643786219242;
92.8870558355931, 162.711993164501;
92.8420780438573, 162.714842042574;
92.7970126528852, 162.697612798076;
92.8255689440983, 162.751477668644;
92.7941179092074, 162.781729282403;
92.8239505527065, 162.773040952855;
92.9216085263221, 162.547350280908;
92.9655556536736, 162.459001149121;
93.0048657206318, 162.506854244468;
93.0043798403229, 162.668794139081;
92.910289602932, 163.016652844248;
92.9137640400243, 164.168963321293;
92.9032144099849, 165.569806453519;
92.8662008148988, 166.803576342965;
92.6974655437755, 169.305316521497;
92.4887030815683, 174.580444860703;
92.4409348080375, 176.531244341594;
92.3201779233218, 176.504540457368;
92.2441538932526, 176.623588070415;
89.8289707571725, 156.695615077102;
90.7935165805412, 171.310915656064;
90.5117029947199, 172.624890224743;
89.7415357706986, 172.47622940774;
90.3979436029347, 171.420677264172;
90.3471104782698, 171.50596782469;
90.1231236655114, 170.890415625216;
89.9254172361901, 169.68734433384;
90.0028952534959, 168.888468548539;
90.0532636260234, 168.655048267539;
90.0232360066163, 168.230423382154;
90.1212176357351, 168.467169827482;
90.0613003787515, 168.325274688885;
90.053823604973, 167.64390592097;
90.0413330462233, 165.805911881001;
90.0295098609044, 162.825680889621;
90.1066659347705, 161.731561462646;
90.1946226144349, 162.044955331331;
90.2771623929301, 162.822433449156;
90.3556525878317, 163.934836097211;
90.4311241227917, 164.873498416265;
90.4618701340074, 165.514218053853;
90.5115804310063, 165.466834637912;
90.5375864105885, 165.073806574158;
90.5282538297631, 164.310268879998;
90.578207554034, 163.710504351399;
90.6388184842884, 163.327046739091;
90.6636388105038, 163.086071533703;
90.7271185591332, 162.835220967152;
90.4669588222965, 162.785216689955;
90.2466559824503, 163.400702786091;
90.1786208291388, 163.550373565922;
90.0861704860766, 163.46939161869;
90.0256729183086, 163.069734747788;
89.9875096857343, 162.56242122616;
90.0096921702783, 162.091512768717;
90.0704199856375, 161.690614799905;
90.1283027962427, 161.660500183315;
90.1773442407131, 161.56659642448;
90.2001667707059, 161.468021529107;
90.2112304795109, 161.184804215723;
90.2571277873089, 161.045901628183;
90.2877646129283, 161.115308372863;
90.3633683953627, 161.953948362663;
90.3672139420281, 163.374084253185;
90.3365832695087, 163.937382074351;
90.3826720120935, 164.054920763398;
90.3515082448175, 164.102489985286;
90.3057044182499, 164.021226527528;
90.3729411324606, 163.82375072763;
90.4488586061394, 163.201364729392;
90.5783084882298, 162.402674316307;
90.6480510544839, 161.46987488465;
90.6893653321784, 161.044963077061;
90.7251170446372, 160.768162389708;
90.8192695644591, 160.687544302971;
90.8538021289247, 160.689362572294;
90.8593939994044, 160.509800232068;
90.8861974799748, 160.47332263424;
90.837708280523, 160.521528265809;
90.8072523097263, 160.634960493171;
90.737002397659, 160.745457795764;
90.7263552719585, 160.97762878469;
90.5520730390626, 161.086409870656;
90.4479160431199, 161.291955770983;
90.4453297537801, 161.164312039796;
90.4498344810819, 161.096098999934;
90.4095324062792, 160.94188814345;
90.4049867032179, 160.822504359043;
90.3910421330305, 160.797614582774;
90.3988561800009, 160.766148760561;
90.4159773177779, 160.863112335426;
90.1325276277673, 160.870781766911;
90.1674313517675, 160.956144009913;
90.2322339526099, 160.844783969017;
90.4237657522964, 160.841330285324;
90.7181038006738, 160.531693664439;
91.0361026876331, 160.352227284367;
91.1976719735349, 160.163144437152;
91.3661831861944, 160.075557905694;
91.9238361455482, 160.094136916207;
92.3191298606391, 160.104517041813;
92.408955129131, 159.878105957467;
92.5629467622036, 160.012236964365;
92.3781448612084, 159.978736496192;
92.2093782316417, 160.164409739397;
91.9822281721966, 160.421385894817;
91.7515413722694, 160.390141186404;
91.576365762521, 160.335494120234;
91.4227331816986, 160.381178363201;
91.130315174454, 160.462296469895;
91.0322470474946, 160.595771553898;
91.0188145782294, 160.61882796879;
90.9471168032545, 160.67062550697;
90.8410565498552, 160.730612990222;
90.8094522192552, 160.92400864449;
91.0444114311588, 160.940806526145;
91.4195128112481, 160.646785032949;
91.5177975834315, 160.487842527862;
91.5955623761261, 160.448894831098;
91.8617077691263, 160.356117308963;
91.9627092241484, 160.271064252849;
92.1308917323967, 160.245905602519;
92.2752362459792, 160.249132045254;
92.3447681995479, 160.350412093911;
92.1421287612167, 160.414483412883;
92.0497347205992, 160.744348481731;
91.8933138297216, 160.767998256209;
91.7049481254457, 160.885398960055;
91.5801760632188, 160.983932296911;
91.5077066476213, 160.981980294596;
91.4461974922139, 160.904877323874;
91.4089322595804, 160.960177682662;
91.4031456240673, 160.966753141592;
91.3776748953114, 160.928098122258;
91.3713345435056, 160.844266098673;
91.3691299537904, 160.758308917191;
91.3337506567288, 160.499774294822;
91.3319671671508, 160.32641798361;
91.4464602601664, 160.198776452494;
91.4886173586266, 159.649533243656;
91.5048366265596, 159.432558614705;
91.5545883757184, 159.508692261016;
91.7010447695029, 159.622959919009;
91.4247698614083, 159.917410692263;
90.9606497642113, 160.129583829803;
90.766417450202, 160.185305540715;
90.6927722487237, 160.400127444986;
90.6078663199829, 160.388563773517;
90.5557538819368, 160.511526027152;
90.5261171908185, 160.437681597938;
90.5188991154529, 160.381514662368;
90.5651134733744, 160.245733850659;
90.6464844084172, 160.261104580169;
90.7254330973847, 160.338814125529;
90.8727206552631, 160.359885939492;
90.8946488992717, 160.020350197898;
90.9130803997994, 159.876025587437;
91.0142366501142, 159.869881407392;
91.2201622651072, 159.913001217924;
91.495782570802, 160.177901420598;
91.6958181875905, 160.081695580948;
91.7883254851076, 160.131311109339;
91.8284253451377, 159.993601795724;
91.6744286159854, 160.037133597378;
91.5850253717844, 160.155761596041;
91.4829330212147, 160.173414045849;
91.4527005562748, 160.164390977124;
91.2814406697421, 160.034734302708;
91.2528679447106, 160.061388239743;
91.2120195799093, 160.07688860589;
91.1283545417531, 160.103096211355;
91.0637541928879, 160.386656104377;
90.8399778540427, 160.348858144222;
90.6362403481769, 160.308829068275;
90.611258217922, 160.29935994833;
90.5996902355323, 160.321769129237;
90.4277868976567, 160.260818808567;
90.3907572977166, 160.334413331911;
90.3883890222097, 160.22159947643;
90.4220661480629, 160.138894908224;
90.4521818671816, 160.21091972974;
90.5309864144576, 160.387752062757;
90.4231272588953, 160.346884766712;
90.5248767613114, 160.351667182385;
90.5519986154565, 160.287612943094;
90.4718718808088, 160.290621836154;
90.4124466811898, 160.185758313524;
90.3141047385868, 160.293845810471;
90.2368371610876, 160.261605448607;
90.2546223103106, 160.342279906712;
90.2719999689201, 160.319693375076;
90.3341977402555, 160.336843112808;
90.5103962089201, 160.437349748856;
90.5336512531115, 160.467773336372;
90.4620221425583, 160.353414187891;
90.5404941256964, 160.444867851098;
90.5690219977074, 160.411688154903;
90.4956383797116, 160.234183490842;
90.4167922959309, 160.102219260258;
90.4844156938519, 160.148559872662;
90.522243004157, 160.229209495065;
90.649444893576, 160.258742291976;
90.7464186672277, 160.20756980996;
90.72301484489, 160.119719644145;
90.6647574542498, 160.211977330486;
90.4934120718708, 160.171487274114;
90.3464263174194, 160.178573676398;
90.4182210398411, 160.308605232207;
90.4515066075688, 160.467866704281;
90.5016250847474, 160.574460692935;
90.5430481879046, 160.592077414878;
90.4972793851279, 160.494151378615;
90.5458777477968, 160.477743511317;
90.4999827015322, 160.401531556736;
90.3665295977375, 160.213319378042;
90.2208197719063, 160.081716994955;
90.2469570448593, 160.060317961913;
90.448048952087, 160.322208151538;
90.6260040871638, 160.361101566857;
91.629259989038, 168.125278374328;
91.6297449877424, 168.220069707974;
91.6485784425457, 168.266503817713;
91.6464553389964, 167.863542997903;
91.8092587628884, 167.434251132385;
91.9784426661915, 167.479408387194;
92.2764222706505, 167.595375955444;
92.6525466445922, 167.368111139077;
92.8162104401768, 167.045132322846;
92.9147997075978, 166.781528928293;
92.9449202872804, 166.724962455528;
93.0223641792622, 166.803822239985;
93.0744638914508, 166.851095863488;
93.1053308118846, 167.034011410368;
93.0580143958346, 166.926813266661;
93.026987411783, 166.444564783445;
93.0604134175057, 164.169318133162;
93.4128621036877, 160.933843348942;
93.7852787266448, 158.615471848163;
94.0576108357449, 158.120485034694;
94.1543645346296, 157.996482143001;
93.9691168966541, 157.774670744744;
93.7912521552912, 157.68661712303;
93.6273727027042, 157.773881500156;
93.1372011646513, 158.387292121387;
92.8966904537195, 158.947467630543;
92.7301272285691, 159.207227401745;
92.6923472458143, 159.387552430605;
92.6921324605141, 159.468228825504;
92.6254322053364, 159.634620015269;
92.4289029688316, 159.623729939279;
92.3003646284688, 159.465517912093;
92.1405228736286, 159.059997638244;
91.6201026207092, 158.769440767037;
91.2954160225486, 158.823618222772;
91.1686574960656, 158.824559898113;
91.0612302603039, 158.864119315277;
90.9061319405798, 158.857227332721;
90.7030992721244, 159.350231127688;
90.5086090038301, 159.048062260546;
90.4498754512033, 158.919884611926;
90.300265560308, 161.095258428081;
90.2318358166861, 158.984553477278;
90.1901294199548, 159.001399961219;
90.2227835910615, 160.510384026814;
90.147567064589, 159.325425836615;
90.1370802156122, 159.191342500283;
90.1377777221642, 161.046684985697;
90.1081282134199, 158.958116628406;
90.0846997470563, 159.254739982557;
90.0842787755833, 160.97538874776;
90.0367174970978, 160.761241905306;
90.0259546435576, 161.004126850764;
90.0167802369546, 160.806354587138;
90.0122388522684, 160.956765551194;
89.9818630912818, 159.233787777814;
89.9851510700369, 160.659314569226;
89.926199593697, 161.328679964465;
89.8307748066584, 161.389809261937;
89.7325359361089, 161.419204750854;
89.8237692456623, 161.807346754448;
89.8676156634577, 161.727192254855;
90.0021677675779, 161.487290730425;
90.0769862197888, 161.635214633905;
89.8871919303496, 161.473129213649;
89.7489165242903, 161.195046562369;
89.6449732271473, 161.057097077856;
89.4909142841265, 160.83731704673;
89.4149044393254, 160.417193401171;
89.5621436672085, 159.878263115323;
89.8713835657602, 162.245120269212;
89.9972617522668, 160.41005093491;
90.0540967698395, 162.598262072104;
90.0218142294301, 162.070217540125;
89.959547698855, 159.746600372985;
89.9082069687873, 161.441357321086;
89.8847186529272, 159.623213336308;
89.8534031845893, 161.245600484404;
89.3886100792245, 162.492191299019;
88.4529101615197, 160.31245210023;
88.3546932957316, 159.929933515014;
88.3226208263128, 161.53791791303;
88.4449525423973, 159.718007249822;
88.5591825143369, 158.701340385703;
88.624555185287, 158.773849855713;
88.6739470720382, 160.954492263352;
88.6767317158581, 160.989622154659;
88.6792349635596, 159.616343679763;
88.649301615242, 161.513037018854;
88.6434607886618, 161.560448910229;
88.6593156724651, 161.684407195622;
88.5650859757752, 159.948953424327;
88.4834348321258, 159.702133547559;
88.368455178285, 162.2906094973;
88.2687406059094, 162.362525455548;
88.1916180843803, 162.108614830528;
88.0322683819864, 159.879628320465;
88.0341267165253, 160.682606430366;
87.8963757758966, 158.085520883002;
87.6209827672189, 161.76619689358;
87.024017575205, 161.092670126209;
86.8230336345386, 161.703711291918;
87.0119364911956, 161.067806956144;
86.7451594187002, 158.186825006724;
86.5518931637472, 158.566178960152;
86.4708039558578, 159.882904176949;
86.4496475693909, 158.341342499735;
86.271571714574, 160.446734228072;
85.9703257837718, 158.860097160363;
85.9954657606591, 158.48510556915;
85.9553738677622, 158.733606144414;
85.9891253543199, 158.832475776415;
85.99213351994, 158.369261193812;
85.99105291088, 160.959061641785;
86.0103889686267, 158.693363078163;
86.1039553943992, 161.397386920531;
86.1393077232451, 161.286839588003;
86.1424871339541, 158.732004218824;
86.2721075708501, 160.460775648774;
86.700153223008, 160.4581137799;
87.040754191264, 160.697836189688;
87.2210287588756, 160.641064804678;
87.2651669400706, 160.5847558229;
87.2783754048687, 159.561681084054;
87.3310786588742, 157.527699392654;
87.3978821895513, 157.507664378059;
87.1311229233837, 159.638896694419;
87.5959315947267, 159.043915313561;
87.5448372667921, 158.558711483367;
87.5547213102713, 158.520604930515;
87.4948462188542, 158.431310036324;
87.4533950838455, 159.157188922573;
87.4010356139845, 158.532339818904;
87.3465422360182, 158.473808919977;
87.3062031740385, 161.529084760587;
87.2572063856917, 161.140175173139;
87.2339372520026, 161.256643114122;
87.2202547748628, 161.202906893253;
87.1420485169638, 161.124962871613;
87.0978708389202, 158.366331964665;
87.1039332943995, 160.011124210406;
87.1029524131295, 160.116369419212;
87.1129806313337, 160.163910526714;
87.1029269408281, 160.659113759779;
87.1032266589217, 160.706656296567;
87.1229317466556, 158.225908963643;
87.1565558688346, 157.915665385003;
87.2042427919719, 157.888669339722;
87.2600006139806, 159.399254231425;
87.2816634655055, 157.388755394493;
87.3802838227245, 159.678891762554;
87.5003302654731, 160.334384191851;
87.6682111878703, 159.202329842249;
88.1481853652297, 162.394466568779;
88.3079152433148, 162.478104598707;
88.4574110376022, 161.834388786463;
88.5134335493954, 161.528918069062;
88.5672548775648, 161.693857075898;
88.7121719784055, 162.755436984423;
88.752416464143, 159.978303794042;
88.7306719402254, 159.875542981239;
88.8435925834808, 159.437680638532;
88.9385008726643, 161.196337971022;
88.9817227526679, 160.970811367847;
89.026407400822, 161.312066040092;
89.1283879494271, 161.583635232213;
89.1856539135232, 161.762137164976;
89.168995733426, 161.566200739489;
89.1787656723916, 161.603342884603;
89.0976303740808, 162.279163615762;
89.1072311451919, 162.231121462178;
89.1558027591917, 162.23404671602;
89.0774505326362, 162.006323603493;
89.0192003369617, 161.743815674246;
88.9516490827486, 161.307144299226;
88.9934615459171, 160.73054078056;
89.1722198649817, 161.327647919142;
89.2390763421785, 161.350247737656;
89.3320661462009, 161.148318663917;
89.4197821705361, 161.19394179633;
89.5197796037304, 161.241239128789;
89.5993084969549, 161.64128644101;
89.7041851364801, 161.952458826115;
89.6821269896922, 162.362194754241;
89.7545352686246, 162.155113542606;
89.7636307303063, 162.15618247409;
89.815667688946, 162.079580534179;
89.8036660036129, 161.815714488295;
89.8055496384826, 161.647559747197;
89.8436402420105, 161.756662778375;
89.9412119678323, 161.709023412417;
90.0255153279497, 162.033049809421;
90.0678673710389, 161.8286463358;
90.1225151334515, 161.692745182372;
90.1678627071274, 161.696686407252;
90.2778327629637, 161.852210275776;
90.4040366297284, 161.717792022645;
90.4898539375568, 161.63878608635;
90.5870176603166, 161.676717939934;
90.6104490878024, 160.484934422451;
