79.7189974235071, 161.598497079273;
81.2435298609996, 158.429947821026;
78.2473451718333, 161.581275702715;
75.919527032862, 164.626777066859;
78.6280677772183, 164.131736868802;
80.1710662985317, 165.049874562391;
82.6846139146841, 164.39685554247;
84.185804199965, 163.35786082113;
85.075626374509, 162.271325771429;
85.4530583194248, 161.998166914289;
86.0209820593835, 163.074886330671;
86.0373883603839, 162.765218565381;
86.0454375842532, 162.469292751273;
85.9285604413994, 162.195220116438;
85.8852001260112, 162.240680962205;
85.8452118989445, 162.105947313411;
85.9165862293378, 161.956079467037;
86.050206874387, 161.909056480744;
85.7929509279483, 162.56552558462;
85.4563738777393, 164.056991062251;
85.2111005741873, 164.360124485242;
84.7792743240496, 164.356226213627;
83.7446581137789, 163.836897053402;
83.7175897112613, 164.439417372659;
81.594950606024, 163.043589581147;
83.6099714835882, 164.730225848536;
83.6701242345752, 164.733466769488;
83.8499616864633, 164.819896304778;
83.6690765944456, 164.65379367498;
83.5594666241081, 164.531206176323;
83.6154553686659, 164.572844467296;
83.7235932352535, 164.723192543887;
83.8991906546945, 164.963794245383;
83.9220685633958, 165.333451395536;
82.422667567956, 164.402825263958;
83.9242730629663, 165.66001059228;
83.926055391585, 166.074281443256;
83.3837272685579, 166.060720570289;
84.231354508828, 166.30358708453;
83.5419584861892, 166.236965489478;
83.5846059109969, 166.264721528905;
84.5061130684119, 166.52206736897;
83.9742638994335, 166.401482462594;
84.6620330040393, 166.747037793161;
84.4789326230439, 166.294059304476;
84.3305368255624, 166.151051435337;
83.756922417597, 166.378043046329;
83.3657973239753, 165.81691148922;
84.0729808755761, 166.210825120949;
84.4013060190287, 166.250304155243;
84.3660607772342, 166.036389239793;
84.050842835885, 165.866124986954;
83.0860422975198, 164.415789534059;
82.3739968579814, 163.273561790607;
82.5552700690159, 164.076465467918;
82.6919916408512, 164.453922599235;
82.7850816353503, 164.708330872571;
81.6074096373816, 164.42171201871;
82.8853868576754, 165.478634673612;
82.3704163854381, 165.771772090016;
83.1995499879801, 165.986933871276;
83.0884630191097, 165.928485438892;
82.1113434481025, 165.337812089663;
82.9945810133689, 165.868504003399;
83.0604442898218, 165.83327060862;
83.0671656463111, 165.774819677253;
83.0802930743281, 165.780602144404;
83.319451862087, 166.129163117788;
83.0770703818351, 166.23931706743;
83.227456993617, 166.281089896983;
82.988503845334, 166.285476581512;
83.0530951526896, 165.884481564579;
82.6834086811601, 165.440951090827;
83.1342417011273, 165.779040354296;
83.3721660307841, 166.045269101903;
83.3353394795756, 166.043243639371;
83.3005661156872, 166.035363081487;
83.2962270199114, 166.025113798348;
83.3007268917512, 165.913323803549;
83.2585109693712, 165.929879473476;
83.2901641353184, 165.994942554175;
83.2923214033067, 166.006389979532;
83.2197970125418, 165.894850237366;
83.3177643037892, 165.964664741049;
83.1275590810768, 165.768105492425;
83.1734626265133, 165.682659024013;
83.15913578208, 165.523317025152;
83.1570662579219, 165.63031000391;
83.2229853360285, 165.736186955188;
83.3334220494644, 165.890876370867;
83.3655284977732, 166.011492632797;
83.295100151152, 166.002171895392;
83.2673126728232, 166.050868878269;
83.2832611946217, 166.044151424575;
83.2242408670609, 165.986564300569;
83.3229151099072, 166.063126921868;
83.4610522086875, 166.215136275287;
83.1688062809082, 166.060694800282;
83.094922376665, 166.053313643103;
83.1193036204374, 166.198341087467;
83.1229371199805, 166.278531646364;
83.0969847924081, 166.256275893524;
83.015534900683, 166.162436836206;
82.9176960270807, 166.116881583464;
81.9721845331626, 166.147442096369;
82.2939096736322, 165.81889597191;
82.396660167166, 165.978002997646;
82.3970820743363, 165.975135515676;
82.47653044979, 166.145655705956;
82.4750342735652, 166.257688101012;
82.5258273118488, 166.451798444698;
82.6862778609359, 166.595166825513;
82.682374646051, 166.570594929985;
82.6575320208405, 166.567767952911;
82.6298355662969, 166.575706338294;
82.6595503427036, 166.565063605015;
82.6863310496235, 166.637640129467;
82.6744370186508, 166.753798885049;
82.5910457713768, 166.822117521649;
82.5440295847983, 166.770539251273;
82.2626984705807, 166.516869042955;
82.0936220658704, 166.452757821814;
82.0362303947516, 166.41491757985;
81.8030700963073, 166.131861185305;
81.079820172435, 165.244065562556;
80.0439665842699, 164.578509987423;
81.1807375536422, 165.528066970674;
81.425423618514, 165.832981776015;
79.8065800520344, 164.750372057897;
81.3134029636537, 166.022157206015;
81.3336290112927, 165.980655477235;
81.4098858124743, 166.129940053539;
81.4171755250199, 166.083130193912;
81.4617879408685, 166.190732472754;
81.4736944973815, 166.137742909366;
81.5328402018538, 166.275443486742;
81.5456325260218, 166.358753024508;
81.5182508801938, 166.433325233736;
81.5274918644142, 166.481254623909;
81.5822589070528, 166.574798798639;
81.6397024221703, 166.896160623326;
81.6287299959046, 166.966147380382;
81.6398046464787, 166.976494196859;
81.6426699976281, 167.133774791665;
81.4209715262295, 167.62622883323;
76.3154081581511, 168.999744620825;
64.4895451818516, 170.805928975245;
50.1263913467533, 173.638142319906;
40.8971856910562, 174.988218332452;
37.2262730113067, 169.627964986722;
36.6476813873602, 168.446743072697;
37.0769632525854, 168.952310877289;
37.4384361994632, 169.148253519088;
38.53313382561, 171.744837319639;
39.3221255792044, 172.45053807543;
39.6695829612355, 172.95110521385;
40.0031822847283, 172.285084146213;
40.258344729544, 172.24352855407;
40.5206005619575, 172.330318124641;
40.5375908693007, 172.656849622207;
40.6306760450051, 172.446002287104;
40.7344233598694, 172.476595896196;
40.8595750149619, 172.509463785757;
40.9620827959481, 172.624216570619;
40.9627021411543, 172.452817895547;
41.2521289522276, 172.871512096684;
41.3640183891285, 172.923202373596;
41.5700259401513, 173.285082529853;
41.5918550341955, 173.121813845042;
41.5533303598531, 172.870008551808;
41.5759460414056, 172.720960489807;
41.6169272734805, 173.14706838192;
41.6209308783936, 172.956842238374;
41.7185521438431, 173.425811932245;
41.8061547267749, 173.550428345494;
41.7990246097907, 173.415205610569;
41.9302925721997, 173.107566567424;
41.9796101320497, 173.003671770832;
42.0315171192307, 172.834331069542;
42.0382589546812, 172.517832253811;
42.1238537424163, 172.561089555838;
42.1472847366013, 172.737279695355;
42.1208353536331, 172.643151347835;
42.0315007634535, 172.731477359637;
41.9841962793552, 172.8755539293;
41.9724198656242, 173.365659389728;
41.9316096536713, 173.095748626144;
41.7936695283567, 172.913418309257;
41.7197764919927, 172.888317278946;
41.6281812241424, 172.71509437281;
41.5901572443312, 172.967765052319;
41.5353093314713, 172.784453479495;
41.5052528512485, 172.79019801445;
41.4437054617069, 172.881474093708;
41.3879326004306, 172.973202604728;
41.3740894681802, 172.897733832304;
41.4169289153779, 173.19315600358;
41.5922395779768, 173.043427508643;
42.638726958524, 170.90722531149;
45.4072967589626, 170.655974215953;
42.1538095849612, 167.407777667038;
42.3131369943182, 167.474316562083;
42.2154902901408, 167.310769543407;
42.023946070127, 167.2756767247;
42.6684426529521, 167.198674879912;
44.305493869297, 167.149934614554;
45.5842609232012, 167.580656583528;
46.3175737642335, 168.127296769603;
46.6354552125235, 168.245288559505;
46.5259665563161, 169.142180034586;
45.7810250178321, 168.614535184062;
44.9293233124993, 168.329591781641;
44.1814511727787, 167.900617854026;
43.4857085308628, 166.933225595635;
42.9605045206183, 166.988693515158;
42.5645382262278, 167.094659873839;
42.0635379388614, 167.137910449285;
41.7350156362156, 167.459176681374;
41.4218111852728, 167.6453665633;
41.5233134730322, 166.303629437065;
42.1009347990678, 163.151003011489;
42.6076226156072, 159.813524965256;
43.1516881266252, 158.096660883103;
43.6879066803375, 155.192330282451;
44.2807488201172, 152.787407930669;
44.5941686586701, 151.442959740153;
44.7072006378487, 151.214373902402;
44.5599418567456, 152.505083043603;
43.6344318406133, 154.518728757826;
42.6567705433295, 155.558299432126;
41.7805952527715, 157.137789480701;
41.1844812271902, 157.198906234938;
41.2312941131664, 154.616170434792;
42.259802840147, 148.821776419512;
42.9466504700511, 147.705698796662;
43.1669218780523, 146.191896784036;
43.5527474699658, 145.675496854457;
43.6360080703607, 146.707645263069;
42.9803576243972, 151.181280112269;
41.8729017520783, 152.680597925682;
41.3433829837517, 154.389281977377;
40.8021613855045, 156.015295495419;
40.5137089981038, 157.863275697684;
40.403579240997, 160.144997982163;
40.3469532786402, 161.838375015373;
39.991251110388, 164.618843458445;
38.8998934337829, 164.864571059458;
38.6428172406896, 165.179842320633;
38.7638948606794, 164.603310215707;
39.4158256918502, 163.014143900413;
40.9129153218796, 162.701247962005;
42.4560613057309, 162.902943704503;
44.0039778879608, 164.169305689466;
44.7524896779653, 164.024152881814;
44.9675149866569, 164.481858482215;
44.0967756498788, 164.406340447387;
42.9460932674948, 164.045471738232;
42.1942556409513, 164.467728475991;
41.6055919152648, 164.33918499764;
41.0388066872936, 164.91359193779;
39.8439333128866, 164.554449179742;
39.3158474658347, 164.334232682683;
39.4226523938122, 164.058812177971;
41.2933146239949, 163.433392880133;
55.0846231172736, 163.317758639437;
69.261386709266, 164.847718249926;
74.1221991075161, 165.786212907669;
75.3507465507512, 166.325210211221;
77.2165815409227, 166.385969249069;
78.6984265963581, 165.609322291115;
79.5052226414141, 166.091918999576;
81.7535748562049, 165.242211432558;
84.0257586163563, 162.648341941498;
85.1580285850839, 162.873804632139;
84.6645204193272, 164.372075527638;
83.1984344023052, 166.940274141317;
81.6091642507104, 167.043011445421;
80.8715146441953, 166.945298886056;
80.8110817002432, 166.716974458271;
81.5522224910349, 166.25142028427;
82.2184924143449, 165.755197025739;
82.0805040468724, 166.080020821372;
81.3987477471726, 166.449012306892;
81.6990756573333, 166.158493382836;
90.3988076400074, 159.217997474124;
114.985204270715, 170.219228398904;
128.276287991287, 166.63706551801;
132.286265332194, 165.378075229884;
133.04785277074, 165.811614519105;
134.171917936192, 167.109544703721;
135.040788525139, 166.0881719993;
135.662052648757, 166.295300256211;
135.755013327582, 166.437860374472;
135.174996194026, 166.955370772083;
134.665079721785, 167.065800605567;
134.340352251757, 166.701732078214;
134.257542157086, 166.604821856205;
134.118261758338, 166.333503033382;
134.189378992728, 166.411435904487;
134.158790948227, 166.393653908532;
134.171255032489, 166.377950703532;
134.565662764429, 166.00284137701;
134.66240894555, 164.17688203316;
134.14721326128, 161.490678186664;
134.020370104079, 160.461265036212;
133.823721153955, 160.239094285981;
133.583908369207, 162.21813884052;
133.01306767403, 164.061480024255;
132.685867759394, 166.639859614112;
130.745306074292, 167.625301630571;
131.81137520667, 169.755408944312;
131.87698843553, 169.028649683147;
132.13879425914, 167.896636327267;
133.192041222213, 168.12128360802;
133.899501000945, 168.179136094175;
133.75241557444, 168.209715843835;
133.097161750711, 168.290242880657;
132.855068634386, 168.449376540981;
131.834351532638, 167.301846608596;
131.84625743828, 169.62767913352;
131.782453460007, 168.559438623778;
131.729899992877, 167.509158844296;
131.721336087087, 165.612603578658;
131.891898295024, 164.467492876249;
132.026511565091, 165.140687456399;
131.97621711244, 169.537585566834;
131.605887261447, 169.701842140555;
131.386091047653, 170.193037592331;
131.202599921977, 170.481985278848;
131.062694972213, 170.199604632164;
131.088835579446, 169.984275889831;
130.895912320006, 168.111290726684;
131.257438905981, 167.641885380875;
131.402312417788, 166.685783447665;
131.4603425273, 166.459531564054;
130.801722267129, 167.923052500378;
130.688232153833, 168.339227939856;
130.122969480362, 168.085205857608;
129.474394290914, 167.815686894772;
129.667955775906, 168.276333942837;
129.986303639022, 168.35302677721;
130.497927012537, 166.652159246483;
130.89193177366, 166.935216613763;
131.020423607798, 167.067698908156;
131.326079253398, 166.784815272998;
131.150800515888, 165.694202506764;
130.517893525633, 164.942163914632;
129.995335124377, 164.582525745774;
129.384158664495, 163.594176932338;
129.074398707618, 163.366726403419;
127.531819082693, 161.727729029083;
128.2960345855, 162.33761730567;
127.770443714682, 162.121218918107;
128.021552313576, 162.358843288063;
128.0175310403, 161.925419599011;
128.036978290513, 161.142714738081;
128.06660439916, 161.253097105115;
127.017897126736, 160.675498408683;
126.41063789588, 163.019143421363;
127.10670582349, 162.105859248376;
127.272491596718, 161.569018095715;
127.35445034827, 160.648905911984;
127.303564733771, 159.939573124484;
126.483602993968, 157.739955102665;
125.800247680185, 156.512063307433;
125.769430675058, 154.39960506931;
126.177047552237, 154.176042841311;
126.378224684199, 155.598645450684;
125.90062737315, 158.257458363691;
125.34507261141, 163.558941626645;
125.092667820178, 164.365943743675;
124.638863248818, 166.865289373748;
124.147151798125, 165.930950733543;
123.970060521365, 165.254743794271;
123.995844419431, 163.278560608756;
124.334609741751, 163.259687736617;
124.210812007981, 163.302454263927;
123.658325820932, 163.666001482637;
123.464945163427, 162.79902500909;
123.472384624702, 163.170418497774;
123.128926974981, 162.94311641543;
123.270371250821, 162.440562941952;
123.219230747804, 162.397530902863;
123.535588563195, 161.550198021604;
123.240103279423, 161.792184902411;
123.318451710837, 162.928521608513;
123.069361851602, 162.636847645478;
123.051950263727, 162.357153344363;
122.937131112906, 163.024722812879;
122.842394801874, 163.50722024565;
122.646832587555, 164.217748654019;
122.220106632078, 164.04790517346;
122.257765761697, 162.549548187494;
122.194617551284, 161.9091357766;
122.4330638429, 161.664246183773;
122.476091939217, 161.876412290119;
119.521825749359, 163.867818741797;
102.416609873805, 168.481803137681;
77.8950713839317, 168.437459620197;
58.2026859499688, 172.931584644978;
163.650740433431, 165.537102293917;
163.560314224273, 165.751224334616;
163.394849912396, 165.516258984335;
163.268583557545, 165.380407862757;
163.198464109132, 165.359850998259;
163.015761271573, 165.587795618823;
162.794688378524, 166.271196821296;
162.358457754592, 166.218082521729;
161.606467332163, 166.356199361401;
160.728221776444, 167.218470630906;
160.142343208499, 167.254612087594;
160.057332187412, 167.201005371203;
160.104142709899, 166.928511843964;
160.224106375556, 166.908591851302;
160.796463343217, 166.370525412413;
162.449497484611, 166.654526293234;
162.932129750096, 164.968623611769;
163.706157078021, 163.181021652118;
165.032530699181, 168.702265448566;
164.599399828275, 167.817869878514;
163.286996523239, 165.483838746774;
162.946666448995, 164.106442923323;
162.635388928125, 164.041810841391;
162.480663236875, 163.979109395018;
162.498911254489, 166.199106273319;
162.516463001573, 163.972411595209;
162.420937034068, 164.205978121452;
162.342444964742, 166.855483599037;
162.221684587871, 166.834938619197;
162.010848361018, 166.760905019458;
161.594147658923, 166.664399770964;
161.318465678488, 166.52405096802;
161.338727919418, 166.578241426632;
161.364303807206, 166.422141364937;
161.277230910852, 164.24568658255;
160.967588351418, 166.941012838318;
160.483873260846, 166.979839909152;
159.90100069253, 167.694263206912;
159.299170910573, 167.775241528137;
158.886695283451, 168.168438163255;
158.7947322508, 168.187234675235;
158.844231844074, 168.112632551068;
159.467943103168, 168.687750866261;
159.82884864625, 167.397523909325;
160.059411153399, 164.370470744789;
160.089772465763, 163.926413660012;
160.043135126309, 167.037713553661;
159.902068894291, 167.714709859767;
159.560532363786, 163.500358780483;
159.482784478623, 168.327131233378;
158.974902645421, 167.63265520468;
158.757161009805, 167.910816038142;
158.644094908284, 168.066239353242;
158.536440625877, 168.127720950568;
158.562947536071, 167.996021591498;
158.992301966569, 163.858745597583;
159.271214768834, 163.68174119682;
159.472245387745, 162.951642658857;
159.630702261437, 164.256963193486;
159.685101769167, 164.033265811731;
159.511740516779, 162.583913300416;
158.95400424247, 163.155106917118;
158.582905892032, 162.738895503628;
157.981173802316, 167.767440448743;
157.405815596102, 167.516245274546;
156.878841314628, 168.653188893514;
156.10166974098, 168.093495805652;
155.51396945698, 162.292385323499;
155.723499586412, 161.990332582915;
156.761827614592, 163.500867205476;
151.662331919263, 155.610511346678;
152.699263620063, 155.759645267192;
153.261802818092, 156.26019702093;
160.149493339012, 163.014752648261;
161.366156562526, 162.369030245864;
162.062459471271, 162.299836945602;
153.581777169579, 150.81989312577;
160.853604870332, 162.923849647292;
153.454757879551, 157.91474192622;
152.564688236483, 158.492171071642;
152.167457270311, 158.706098301507;
151.827929726543, 158.889546580765;
151.050889872879, 158.692831043319;
150.165152141405, 157.841250373884;
150.242617131226, 156.932683127356;
150.705071000877, 153.525429286584;
151.252628493766, 152.852214598673;
151.890695475593, 152.96386492026;
152.278438425843, 153.018787526204;
152.484438006405, 152.121446630834;
153.103867522315, 152.290437401823;
154.08552419676, 153.842741974545;
154.788640005165, 157.65369455505;
154.780855202837, 158.150045313749;
154.546653709229, 159.096211013158;
154.118920397698, 159.055946610244;
154.081872288544, 158.790549809059;
154.292192935977, 156.606904649145;
154.293814281895, 158.398659295334;
154.141456820831, 156.968226304371;
154.045287991926, 156.41120850861;
154.011158191401, 156.099766343704;
153.835877675227, 158.219392551054;
153.308479428279, 156.331242758942;
153.125740073534, 155.481633359793;
153.048434979013, 155.103529354455;
152.894561209955, 155.110203168001;
151.986443136964, 156.814187524663;
151.171280997129, 157.642232750019;
150.298913041522, 156.708157891;
150.319305214473, 154.838305955054;
150.764181486684, 153.399957727048;
151.815703171926, 153.650471116502;
152.309471602637, 153.785551500596;
152.407421499542, 154.255250574746;
152.245696952309, 157.519777955077;
151.639636194869, 158.362554240356;
150.635740001265, 158.676289129837;
149.081212029537, 157.655700655127;
148.573393289139, 157.12132636914;
148.523326256807, 156.665407332372;
148.659170100102, 155.104733868159;
149.654225056545, 154.243631091719;
151.567802121517, 153.342482257537;
153.404036978718, 152.6289353944;
154.04410381858, 152.447593876918;
153.942158281306, 153.718390729295;
152.107608404243, 156.147565010818;
150.342640704797, 156.48916942875;
155.282824402715, 163.539049961248;
148.25880914, 153.894851266136;
155.630297332014, 161.21297820905;
155.827277041595, 160.567684265219;
155.710832549168, 160.480264314229;
154.400819397761, 160.61871133215;
153.541892401887, 160.212957159558;
153.344857971373, 159.93562965808;
153.570524968249, 159.831115038022;
154.087506437621, 159.580161954855;
154.474831640405, 160.503196729119;
154.410343959178, 162.68787729105;
154.128158506515, 163.665299069529;
153.922849915616, 163.866209000306;
154.434013430917, 162.194526841224;
154.05083074306, 161.11728790094;
125.976555952959, 127.147062252616;
100.159802625566, 105.452925542561;
87.403623159055, 95.9444179504954;
86.4471954131917, 96.9518465817187;
85.2974182945838, 96.8274571491197;
85.0174095391095, 96.788276849306;
84.8287628063527, 96.1263753584885;
84.8777719579651, 94.8479221454054;
84.5998911325317, 92.589515365616;
84.5807193497099, 91.59821022603;
84.4068667844564, 90.9291734118102;
84.2583342902035, 90.4313498435873;
84.0118239809943, 89.4936274836054;
83.7866930663023, 88.2333246404899;
83.7648505519385, 87.4847878642894;
85.8539426154605, 89.0057960706318;
88.7819549520636, 89.7809473996056;
93.7549926559837, 90.5006258660575;
95.8355116211588, 90.6653378669627;
96.8188502808227, 89.500693108652;
97.4924843015488, 89.2179183230902;
96.6950724749172, 92.6313629884344;
95.4919792457811, 95.6563651951361;
94.1729032873501, 97.6855132151206;
93.7006054621872, 97.7790182320133;
93.2540602559562, 97.5850150859997;
92.7827199355402, 97.2827028863205;
92.6206767749004, 98.2558933378423;
92.585439589634, 100.359901873826;
92.2602643854544, 100.638776061713;
91.6852831326855, 100.118470958232;
90.8452963376533, 99.1181326452705;
87.3365720950616, 95.8378697988142;
85.3959490700338, 94.4693211210589;
84.1616780521297, 94.0396391586486;
83.37155125713, 93.9776552589938;
82.6547702048654, 93.7559175068494;
81.6273717826821, 93.2771230020904;
81.0877498041197, 93.0203538689345;
80.8198475791614, 92.0153904476083;
80.5291323999607, 90.1660624799029;
80.2967138361395, 89.3048941827978;
80.1616165579552, 89.094995076937;
80.1252814223202, 89.9097864252855;
80.024824237537, 92.084257036961;
79.8337974210741, 92.6864110258826;
79.6371189531681, 92.3181664370001;
79.6782518032234, 91.4557760171773;
79.5682529880992, 93.9002392886615;
79.3354093330725, 90.2338476480389;
79.5152620956481, 89.1304702364128;
79.1472010772165, 95.2553204435499;
78.0986010275416, 91.0651088448921;
77.0294826563972, 90.1379378779612;
76.2326609709269, 88.4588849325649;
84.9848991590934, 105.434686106065;
84.7231867555291, 105.497136544221;
84.5557055191536, 105.082412401586;
84.4781903176799, 105.298591427862;
84.1987018067321, 105.031633198005;
84.2086519457565, 105.071143005127;
86.2934227021344, 106.14737922689;
87.4022186905307, 106.301661103066;
87.8696577292844, 106.18748520603;
88.246239129085, 105.716909514952;
88.5152422626334, 104.953471320686;
88.9448950265899, 105.173679698597;
88.9050196099723, 103.660950841126;
88.9640965465358, 103.100366304862;
88.9157259322857, 102.002906063433;
88.485045245511, 101.028876572818;
88.2268105230601, 100.475520778588;
87.9423882032946, 100.414600810787;
86.6465223333311, 98.5095198086658;
85.6620628548377, 97.1522550064207;
84.9990443301632, 96.181932552576;
84.4013472986846, 94.9536645090615;
84.0249725598329, 94.2271180073863;
83.8248856197469, 93.8217818874891;
83.5852021967162, 93.6732633033004;
82.3316914681915, 92.9730767025621;
81.1825869641018, 93.0105933093285;
80.2884498844048, 92.9663028697188;
79.591743063248, 92.5899355690192;
79.1945652514285, 92.4753027844212;
79.0423671464763, 92.1824880080677;
79.2763755479477, 91.9830245556813;
80.0827381770454, 92.190391385986;
81.7810648834928, 93.4849523014724;
83.2058086699629, 94.4117759794552;
84.6181493700768, 95.4530420040358;
85.5150784621148, 95.406588345505;
87.7650411995473, 97.3121389107777;
89.6971526241401, 98.5047711891078;
90.4390247918292, 98.9017983656246;
90.4629253356492, 98.8959941322963;
90.625106273538, 99.7784969754137;
90.5638123736474, 100.908260051226;
90.1601578012297, 101.530468452472;
89.6811735348616, 101.676006459915;
89.4336195515681, 102.882872724432;
89.210211377527, 103.072357879793;
88.4042721608604, 102.343387077863;
86.5623199252997, 100.362157731379;
84.847040737256, 98.5689431005212;
83.1231201705388, 97.0610265155632;
82.3511162486195, 97.0601307167925;
81.521704592041, 96.2881368204068;
81.2181606103725, 95.3198778426407;
81.1636708575239, 93.7415489807387;
81.1502362540377, 92.9980308870344;
81.1323275904652, 93.1455390414573;
81.1808425054005, 93.1521761819934;
81.2558829080663, 93.7710879599438;
81.1788246800227, 94.6213425365097;
81.1375755725007, 95.8230986891444;
81.0722011524215, 96.965292118795;
81.1655483632183, 97.6726648514785;
81.1964036316579, 98.2177601365316;
81.4666247125336, 98.4614408259259;
81.7795021737851, 98.1375136503204;
82.7247634319522, 98.3089918228547;
84.1920535462255, 98.5435729859776;
85.1092447095516, 98.728375799008;
85.4884058754599, 98.4954960147518;
85.8439068974771, 99.1683559148579;
86.2451277880829, 98.8841419868793;
87.2430395617366, 99.2288710272686;
86.567261221305, 99.3295732996491;
86.0425773828801, 99.4860823935107;
84.9651955413692, 98.9750358311449;
83.8643266684509, 99.5388570151749;
83.5227702520857, 101.623406323516;
83.0032518899747, 101.93494945182;
82.6863943788167, 100.865818293173;
82.3003543233098, 99.7943629969705;
79.7611250708499, 98.2306447022626;
75.236302819548, 97.8079150460344;
74.3255121776368, 96.2494058658269;
73.7841421916935, 96.5473165117698;
76.0334002384047, 93.9139364957807;
76.1124137273958, 90.5451977928456;
76.6502098310436, 90.9787184838684;
78.4369680666569, 94.4940614422333;
79.240829553183, 97.8109532231138;
79.7662536658205, 99.6890705484345;
79.0663191461232, 101.496146411993;
80.0919863106897, 102.106013677232;
83.8653265282889, 103.407778764415;
87.6939123755051, 104.211470305356;
90.2914678642912, 104.696543828702;
91.1139219127356, 104.265545052223;
91.108201220742, 103.845168297369;
91.1626087433555, 103.988033579309;
90.9594988067119, 103.150083971104;
90.1927184294984, 101.68198038062;
90.2051022164573, 101.960806667459;
90.1243131783892, 103.251307095639;
89.4722763731284, 103.548171163522;
88.6371697322902, 103.84140669624;
85.8354208762529, 101.09169523827;
86.0410796292616, 102.348918108852;
86.501042894091, 104.086798485816;
85.7910141536206, 105.859832582814;
85.6141228357268, 108.010241156133;
88.8675133752595, 111.771208909968;
90.1965115647391, 112.890644357652;
91.1431024433167, 113.063375886595;
87.5236580729518, 110.012625646687;
86.0290758742658, 107.356274073901;
83.754227315446, 103.260999761175;
82.7312673581734, 100.307355678727;
79.2978299005228, 95.3221616468362;
76.4251922427015, 90.5183591349194;
75.4712084177534, 87.0102714291285;
74.8428800606603, 86.2142209066553;
75.3001378836479, 86.6104203253132;
77.0859675861313, 88.85854197197;
79.6421382395847, 91.8027098473607;
82.3331520888664, 94.2953400556914;
86.1795148843225, 99.1802994093704;
87.6547144983906, 102.574545363499;
88.4480755478872, 105.250224690529;
87.4224713682225, 106.356311347183;
85.6324291025838, 104.939612428145;
83.8487186982148, 102.092310387545;
81.7759467834045, 99.8610939759913;
81.3140537496038, 99.3371857022771;
81.1603250910697, 99.0824576411887;
81.0974767169897, 98.7563092172266;
81.5567681196906, 98.699883355838;
81.8180511763691, 98.0261859429452;
81.7582862458002, 97.3612555646826;
82.7563368588539, 97.5576251051537;
83.4360339763241, 97.7910991277301;
83.4241240866167, 98.5934022972718;
83.4413898402098, 97.2151949698838;
82.666169187558, 96.5411896824894;
82.2384567275683, 95.6882476669356;
82.1863843134038, 95.2797214485882;
82.4932235892039, 94.9703846702699;
82.1001417464786, 94.5197033085643;
82.208161889729, 93.5591705379077;
82.1847453890442, 93.6248924918215;
82.0608881026917, 93.5133549937609;
81.7903839497943, 93.0461574592193;
81.3799281176184, 92.7555223275253;
80.9920833101835, 92.3282988856931;
80.8424060303616, 92.0257919738225;
80.2974196066053, 92.0350767235335;
80.0143729826622, 92.0300959486756;
79.8446617107342, 91.8202122612784;
79.8593999916578, 91.9761546651582;
80.3025907871461, 92.4738789742581;
81.7909460633419, 94.088117146599;
85.5533149613745, 98.3784408951359;
86.4012617261115, 100.257383179045;
84.3632049277208, 100.101603179794;
82.9108337680054, 99.8038582129231;
80.9817847860178, 98.1632374415592;
79.2578758299501, 97.1113076817454;
79.473143390468, 97.5772691167647;
80.993453368591, 97.6361040894314;
81.7391354191462, 97.4349250972374;
82.2784312902528, 97.7875166522494;
82.387724447455, 98.0106706532171;
82.714484499217, 98.6102777764803;
84.3058467144124, 100.143827610578;
86.5254561500448, 102.158518027328;
92.422978551935, 108.315132118232;
109.297484091598, 126.822322910255;
125.058422156776, 149.554153875661;
134.304275037182, 164.887980580242;
136.559692554628, 169.604105323566;
137.118420937723, 170.89510227733;
137.528288654456, 171.378633774172;
137.597785260928, 171.301143865991;
138.704481543139, 170.96214274858;
142.296775160701, 172.750259168616;
142.747036242663, 167.361839641863;
144.533201046614, 167.638677137195;
148.167432937937, 170.310103218345;
149.130046756441, 170.661168018228;
149.173969563328, 171.249679351059;
148.739615085581, 171.544221516147;
145.806500217724, 168.359167002907;
145.43572825614, 168.062925890493;
144.9580963105, 167.49107906942;
147.461593023827, 170.185062268491;
147.566113804237, 170.346615234219;
147.134749171014, 170.072149556125;
146.310039195581, 170.015305815696;
145.688647739826, 169.739760203409;
145.530399256079, 169.598668528256;
145.781352921965, 169.440722671806;
